0 0 0 0 0 0 0 0 0 0 0 0 0 16.2946835305559 0 12.2768694387447 0 7.3434799992129 0 6.72631142024686 8.48927290022259 0 0 0 0 0 0 0 0 0 0 0 0 0 0 0 0 0 0 0 0 0 0 0 0 0 0 0 14.2006860466596 0 5.71749483288281 0 7.46914267537712 10.0530661785019 0 4.02529872695698 0 0 0 0 0 0 0 0 0 0 0 0 0 0 0 0 0 0 0 0 0 0 0 0
0 0 0 0 0 0 0 0 0 0 0 0 0 0 0 11.0565132458005 9.82201231609715 0 12.6824509460997 9.47060957409228 7.37950368990112 1.37445615173409 0 0 0 0 0 0 0 0 0 0 0 0 0 0 0 0 2.76377001769249 0 0 0 0 0 0 0 0 11.5431132693392 0 29.83439481406 0 13.4436605258338 4.73128561644214 0 21.856649480629 0 0 0 0 0 0 0 0 0 0 0 1.57804462509619 0 0 0 0 0 0 0 0 0 0 0 0 0
0 0 0 0 0 0 0 0 0 0 0 0 0 0 0 0 17.142264996694 0 26.8024448093788 6.07585378273872 0 5.56516583957025 0 3.02974642941553 0 0 0 0 0 0 0 0 0 0 0 0 0 0 0 0 0 0 0 0 0 0 0 0 12.0879333260986 0 8.34471780454357 0 6.71144938108202 9.32753354336258 0 0 0 0 0 0 0 0 0 0 0 5.75234634772551 0 0 0 0 0 0 0 0 0 0 0 0 0 0
0 0 0 0 0 0 0 0 0 0 0 0 0 0 0 0 0 0 0 0 0 0 0 0 0 0 0 0 0 0 0 0 0 0 0 0 0 0 0 0 0 0 6.97045670416319 8.67711534334726 9.84970676291713 8.41537748171022 0 5.08576440459488 0 0 0 0 0 0 0 0 0 0 0 0 0 0 0 0 0 0 0 0 0 0 0 0 0 0 0 0 0 0 0 0
0 0 0 0 0 0 0 0 0 0 0 5.28390569908773 0 0 0 0 12.8423925105551 0 9.62734156439635 13.8334409515205 0 5.45424969149832 0 0 0 0 0 0 0 0 0 0 0 0 0 0 0 0 0 0 0 0 0 0 0 0 0 0 15.5463980714412 0 8.37518108056425 0 0 10.9195452933934 0 0 0 0 0 0 0 0 0 0 0 0 0 0 0 0 0 0 0 0 0 0 0 0 0 0
0 0 0 0 0 0 4.05109098008955 0 0 0 0 0 0 0 0 0 25.7104899674734 10.2227086484975 9.05760850660106 0 6.61854204078959 19.2704718424367 6.98471071369077 0 0 0 0 0 0 0 0 0 1.13715005762509 0 0 0 0 0 0 0 0 0 0 0 0 0 0 0 0 0 16.8292912078607 0 9.81611436875146 0 24.4094310373571 0 0 1.01951389177749 0 0 0 0 2.00330950483545 0 0 0 0 0 0 0 0 0 2.17275807001102 0 0 0 0 0 0 0
0 0 0 0 0 0 0 0 0 0 0 0 0 0 25.2023405636055 0 0 11.2057299298265 10.9959105905848 0 8.47509350908743 10.2236172042214 0 8.94518473227544 0 0 0 0 0 0 0 0 0 0 0 0 0 0 0 0 0 0 0 2.49839609577031 0 0 0 0 0 0 10.8577197248736 0 8.79738158568533 0 17.6334288101728 5.68576404167649 0 0 0 0 0 0 0 0 0 0 0 0 0 0 0 0 0 0 0 0 0 0 0 0
0 0 0 0 0 0 0 0 0 0 0 0 0 0 0 11.9359392951755 6.64956408340722 0 0 13.6233738148936 6.56567665839976 0 0 0 0 0 0 0 0 0 0 0 0 0 0 0 0 0 0 0 0 0 0 0 0 0 0 11.750730020732 28.3225877176567 0 5.07354505573543 5.56613498359205 6.56671422944498 1.58708710079473 0 0 0 0 0 0 0 0 0 0 0 0 0 0 0 0 0 0 0 0 0 3.91527914928297 0 0 0 0
0 0 0 0 0 0 0 0 0 0 0 0 0 0 0 0 0 11.9297269928168 16.6683841053222 0 0 8.00966769131363 0 0 0 0 0 0 0 0 0 0 0 0 0 0 0 0 0 3.30270815322409 0 0 0 0 0 0 0 6.92624717504922 0 5.90523015592418 0 7.63846195529039 0 13.7087193724326 7.99047727183992 0 0 0 0 0 0 0 0 0 0 0 0 0 0 0 0 0 0 0 0 0 0 0 0 0
0 0 0 0 0 0 0 0 0 0 0 0 0 0 0 0 9.46713796043528 9.37275865524452 7.31985236824825 7.36886991104921 8.02649640221171 0 0 0 0 0 0 0 0 0 0 0 0 0 0 0 0 0 0 0 0 0 0 0 0 0 0 0 0 6.11901923606505 0 0 13.1187233178332 0 6.78862366545187 0 0 0 0 0 0 0 0 0 0 0 0 0 0 0 0 0 0 0 0 0 0 0 0 0
0 0 0 0 0 0 0 0 0 0 0 0 0 0 0 8.26301337597621 9.66717856634535 8.13499159943019 10.1434852962145 0 0 0 0 0 0 0 0 0 0 0 0 0 0 0 0 0 0 0 0 0 0 0 0 0 0 0 0 11.6500045959487 0 13.2094050854349 0 20.160047478052 9.1500202135483 0 5.71528821317731 2.61766743209545 0 0 0 0 0 0 0 0 0 0 0 0 0 0 0 0 0 0 0 0 0 0 0 0
0 0 0 0 0 0 0 0 0 0 0 0 0 0 0 0 7.70681891816854 11.2039979581882 7.75201305831439 0 9.88555874578993 20.6135237674476 0 0 0 0 0 0 0 0 0 0 0 0 0 0 0 0 0 0 0 0 0 0 0 0 9.61180236040194 0 6.87726748719463 6.12143463267013 0 21.6726114244553 0 0 0 8.79327052816522 0 0 0 0 0 0 0 0 0 0 0 0 0 0 0 0 0 0 0 0 0 0 0 0
0 0 0 0 0 0 0 0 0 0 0 0 0 0 8.86801740276063 11.9320879927667 0 0 16.6558411567071 0 0 7.14324516760651 0 0 0 0 0 0 0 0 0 0 0 0 0 0 0 0 0 0 3.07449228627009 0 0 0 0 0 0 14.6871487233293 8.35372836730853 11.55116910986 0 25.221499603858 0 0 13.1027787661138 20.9800852869777 0 0 0 0 0 0 0 0 0 0 0 0 0 0 0 0 0 0 0 0 0 0 0 0
0 0 0 0 0 0 0 0 0 0 0 0 0 0 0 0 0 0 0 0 0 0 0 0 0 0 0 0 0 0 0 0 0 0 0 0 0 0 0 0 0 0 0 0 0 4.6898005156193 0 0 0 0 0 0 0 0 0 0 0 0 0 15.2229930560998 0 7.64521231888239 5.61337101863275 0 9.04915307494351 0 0 0 0 0 0 0 0 0 0 0 0 0 0 0
0 0 0 0 0 0 0 0 0 0 0 0 0 5.076486689833 0 0 0 0 10.6153564553348 8.95822387924162 8.38432479473876 9.70678983244998 0 0 0 0 0 0 0 0 5.92725575640679 0 0 0 0 0 0 0 0 0 3.88207767853459 0 0 0 0 0 0 11.8535743664437 11.2867376764137 0 7.69978118327901 5.19941122626703 0 4.24680884499288 0 3.46548608630231 0 0 0 0 0 0 0 0 0 0 0 0 0 0 0 0 0 2.53918636958848 0 0 0 0 0 0
0 0 0 0 0 0 0 0 0 0 0 0 0 0 0 9.35652079883307 6.86060657769038 0 25.4366422815256 3.49876617813807 0 5.2042994603257 0 0 0 0 0 0 0 0 0 0 0 0 0 0 0 0 0 0 0 0 0 0 0 0 0 0 0 8.85120595992126 13.5093313130641 0 0 22.4619850610903 0 0 0 0 0 0 0 0 0 0 0 0 0 0 0 0 0 0 0 0 0 0 0 0 0 0
0 0 0 0 0 0 0 0 0 0 0 0 0 0 0 0 0 0 0 0 0 0 0 0 0 0 0 0 0 0 0 0 0 0 0 0 0 0 0 0 0 0 0 0 0 0 0 0 0 0 0 0 0 0 0 0 0 0 0 19.9621274352077 27.7147730462401 10.5358345702655 0 0 11.1947426701348 0 0 0 0 0 0 0 0 0.673995816991116 0 0 0 0 0 0
0 0 0 0 0 0 0 0 0 0 0 0 0 0 0 6.45096949610088 9.83123553723423 0 12.9773033128295 11.5836253669497 0 0 3.59867283696794 0 0 0 0 0 0 0 0 3.943447120815 0 0 0 0 0 0 0 0 0 0 0 0 0 0 0 30.823020836703 0 8.6885047016842 0 22.7937158115679 2.79480657898429 0 0 0 0 0 0 0 0 0 0 0 0 0 0 0 0 0 0 0 0 0 0 0 0 0 0 0
0 0 0 0 0 0 0 0 0 0 0 0 0 0 0 7.83051627736821 0 6.85401098114443 11.0377695113066 0 26.2219916389657 0 0 0 0 0 0 0 0 0 0 0 0 0 0 0 0 0 0 0 0 0 0 0 0 0 0 10.3233772598893 0 0 30.5791341795003 0 0 11.3561252693035 0 3.47630687717007 0 0 0 0 0 0 0 0 0 0 0 0 0 0 0 0 0 0 0 0 0 0 0 0
0 0 0 0 0 0 0 0 0 0 0 0 0 0 0 7.74746267040537 26.6925174910141 0 7.00763350985281 4.42924690804705 25.4718240706242 0 0 0 0 0 0 0 0 0.951466099843543 0 0 0 0 0 0 0 0 0 0 0 0 0 0 0 0 0 8.92049314398646 0 27.749498994516 0 4.58894969641069 5.70636938834532 0 0 8.30145354248274 0 0 0 0 0 0 0 0 0 0 0 0 0 0 0 0 0 0 0 0 0 0 0 0
0 0 0 0 0 0 0 0 0 0 0 0 0 0 4.56887963204133 0 8.6648608219285 9.59826362532909 10.1639973761398 9.4322737507445 0 5.91419764216864 0 0 0 0 0 0 0 0 0 0 0 0 0 0 0 0 0 0 0 0 0 0 0 0 0 0 14.3641395357533 0 0 14.2011626447844 0 11.0332429152492 4.85589855486026 0 0 0 0 0 0 0 0 0 0 0 0 0 0 0 0 0 0 0 0 0 0 0 0 0
0 0 0 0 0 0 0 0 0 0 0 0 0 0 0 8.5217408873163 9.62414998754311 0 18.7750065144437 0 24.0392687557478 0 0 0 0 0 0 0 0 0 0 0 0 0 0 0 0 0 0 0 0 0 0 0 0 0 0 0 11.1091267901597 10.4122879631465 0 12.1670201207628 0 0 0 0 0 0 0 0 0 0 0 0 0 0 0 0 0 0 0 0 0 0 0 0 0 0 0 0
0 0 0 0 0 0 0 0 0 0 0 0 0 0 0 25.0249861617582 7.88644506915856 6.76099198385662 6.82415667986884 0 15.1029095225586 2.93856877701027 0 0 0 0 0 0 0 0 0 0 0 0 0 0 0 0 0 0 0 0 0 0 0 0 0 14.7008067134096 0 10.5504311554825 0 19.1387155880772 0 6.51699896452328 20.3597594657906 0.32398966392357 0 0 0 0 0 0 0 0 0 0 0 0 0 0 0 0 0 0 0 3.76662667443805 0 0 0 0
0 0 0 0 0 0 0 0 0 0 0 0 0 19.8130831253152 5.10075549010379 0 0 0 16.3242534322176 0 5.6496121664941 4.83577266276162 0 0 0 0 0 0 0 0 0 0 0 0 0 0 0 0 0 0 0 0 0 0 0 0 0 22.1403460435703 0 7.77151366094911 22.3834767470406 10.2105109337293 0 4.12193068633363 0 0 0 0 0 0 0 0 0 0 0 0 0 0 0 0 0 0 0 0 0 0 0 0 0 0
0 0 0 0 0 0 0 0 0 0 0 0 0 0 13.8728422594279 0 8.74018714421776 6.45182044205653 12.9722254811911 0 0 0 0 0 0 0 0 0 0 0 0 0 0 0 0 0 0 0 0 0 0 0 0 0 0 0 9.05808856408884 6.32727297436711 0 0 0 12.7128557555831 7.99296943275934 0 0 12.3102297646161 0 0 0 0 0 3.3041281285663 0 0 0 0 0 0 0 0 0 0 0 0 0 0 0 0 0 0
0 0 0 0 0 0 0 0 0 0 0 0 0 0 0 0 0 0 0 0 5.5566315477449 0 0 0 0 0 0 0 0 0 0 0 0 0 0 0 0 0 0 0 0 7.10661851202174 33.1448204065241 0 0 0 8.66592057732775 0 0 0 0 0 0 0 0 0 0 0 0 0 0 0 0 0 0 0 0 0 0 0 0 0 0 0 0 0 0 0 0 0
0 0 0 0 0 0 0 0 0 0 0 0 0 0 0 0 0 0 0 0 0 0 0 0 6.25868478604528 0 0 0 0 0 0 0 0 0 0 0 0 0 0 0 0 0 0 0 0 0 0 0 0 0 0 0 0 0 0 0 0 0 6.31193719299698 0 14.5620982359091 0 27.1722834072181 5.46829230484922 9.32502035171525 0 0 0 0 0 0 0 0 0 0 0 0 0 0 0
0 0 0 0 0 0 0 0 0 0 0 0 0 0 0 0 0 0 0 0 0 0 0 0 0 0 0 0 0 0 0 0 0 0 0 0 0 0 0 0 14.1387295944721 9.32543794864092 10.4954395346064 24.1361974389165 0 7.04090816407915 5.24778575487947 0 0 0 0 0 0 0 0 0 0 0 0 0 0 0 4.99293985858357 0 0 0 0 0 0 0 0 0 0 0 0 0 0 0 0 0
0 0 0 0 0 0 0 0 0 0 0 0 0 0 0 0 0 0 0 0 0 0 0 0 0 0 0 0 0 0 0 0 0 0 0 0 0 0 0 0 0 8.35740822245965 0 28.1036681518218 0 10.6464793314409 5.56216366481434 0 0 0 0 0 0 0 0 0 0 0 0 0 0 0 0 0 0 0 0 0 0 0 0 0 0 0 0 0 0 0 0 0
0 0 0 0 0 0 0 0 0 0 0 0 0 0 0 0 0 0 0 0 0 3.06023626494808 0 0 0 0 0 0 0 0 0 0 0 0 0 0 0 0 0 0 0 0 0 0 0 0 0 0 0 0 0 0 0 0 0 4.05744384009238 0 0 7.05678105112819 25.152161656772 10.4697261514889 0 7.13831435775173 0 0 0 0 0 0 0 0 0 0 0 0 0 0 0 0 0
0 0 0 0 0 0 0 0 0 0 0 0 0 0 0 0 0 0 0 0 0 0 0 0 0 0 0 0 0 0 0 0 0 0 0 0 0 0 0 0 0 15.1490574507925 0 11.1358017075609 14.3734194498574 0 11.1454080073468 0 0 0 0 0 0 0 0 0 0 0 0 0 0 0 0 0 0 0 0 0 0 0 0 0 0 0 0 0 0 0 0 0
0 0 0 0 0 0 0 0 0 0 0 0 0 0 0 0 0 0 0 0 5.14063260529634 0 0 0 0 0 0 0 0 0 0 0 0 0 0 0 0 0 0 0 0 0 10.192017081114 13.2908294396393 0 10.0827562904683 0 0 3.75937862076798 0 0 0 0 0 0 0 0 0 0 0 0 0 0 0 0 0 0 0 0 0 0 0 0 0 0 0 0 0 0 0
0 0 0 0 3.1503608098017 0 0 0 0 0 0 0 0 0 0 9.293862776702 0 14.5965040527452 0 12.6392543463872 20.1376475891832 10.8470508158577 4.39695933505141 0 0 0 0 0 0 0 0 0 0 0 0 0 0 0 0 0 0 0 0 0 0 0 0 14.3803283494411 6.18553849844559 14.2866312539025 0 0 10.7760992527422 0 7.82096428327575 0 0 0 0 0 0 0 0 0 0 0 0 0 0 0 0 0 0 0 0 0 0 0 0 0
0 0 0 0 0 0 0 0 0 0 0 0 0 0 0 0 0 0 0 0 0 0 0 0 0 0 0 0 0 0 0 0 0 0 0 0 0 0 0 0 0 0 15.1499368421651 8.10994024130408 4.04681872342508 0 0 0 0 0 0 0 0 0 0 0 0 0 0 0 0 0 0 0 0 0 0 0 0 0 0 0 0 0 0 0 0 0 0 0
0 0 0 0 0 0 0 0 0 0 0 0 0 0 0 0 0 0 0 0 0 0 0 0 0 0 0 0 0 0 0 3.3150059417073 0 0 0 0 0 0 0 0 0 13.1496810529957 26.0937954261888 4.67665031154462 9.08924508972913 9.41343690715016 0 0 0 0 0 0 0 0 0 0 0 0 0 0 0 0 0 0 0 0 0 0 0 0 0 0 0 0 0 0 0 0 0 0
0 0 0 0 0 0 0 0 0 0 0 0 0 0 0 0 0 0 0 0 0 0 0 0 0 0 0 0 0 0 0 0 0 0 0 0 0 0 0 0 0 0 9.32089706638426 23.3930861729791 6.34204997449987 0 0 0 0 0 0 0 0 0 0 0 0 0 0 0 0 0 0 0 0 0 0 0 0 0 0 0 0 0 0 0 0 0 0 0
0 0 0 0 0 0 0 0 0 0 0 0 0 0 0 0 0 0 0 0 0 0 0 0 0 0 0 0 0 0 0 0 0 0 0 0 0 0 0 0 28.6236973626798 0 11.4970310144616 5.61754928062336 4.48024727380092 4.22655096920995 10.165872633743 0 0 0 0 0 0 0 2.32061806607564 0 0 0 0 0 0 0 0 0 0 0 0 0 0 0 0 0 0 0 0 0 0 0 0 0
0 0 0 0 0 0 0 0 0 0 0 0 0 0 0 0 0 0 0 0 0 0 0 0 0 0 0 0 0 0 0 0 0 0 0 0 0 0 0 0 0 9.86472597387675 0 0 0 8.14785009212747 0 0 0 0 0 6.73943150556076 0 0 0 0 0 0 0 0 0 0 0 0 0 0 0 0 0 0 0 0 0 0 0 0 0 0 0 0
0 0 0 0 0 0 0 0 0 0 0 0 0 0 0 0 0 0 0 0 0 0 0 0 0 0 0 0 0 0 0 0 0 0 0 0 0 0 0 0 6.40038754141565 0 9.580636729825 11.7258130343398 0 10.1345142698248 7.50601085383069 0 0 0 0 0 0 0 0 0 3.49405106878616 0 0 0 0 0 0 0 0 0 0 0 0 0 0 0 0 0 0 0 0 0 0 0
0 0 0 0 0 0 0 0 0 0 0 0 0 0 0 0 0 0 0 0 0 0 0 0 0 0 0 0 0 0 0 0 0 0 0 0 0 0 0 0 10.7485750559648 0 16.345666659394 0 12.6012047069134 0 0 0 0 0 0 0 0 0 0 0 0 0 0 0 0 0 0 0 0 0 0 0 0 0 0 0 0 0 0 0 0 0 0 0
0 0 0 0 0 0 0 0 0 0 0 0 0 0 0 0 12.4712775861433 0 13.0943294807964 0 20.4253791515646 0 0 0 0 0 0 0 0 0 0 0 0 0 0 0 0 0 0 0 0 0 0 0 0 0 0 0 7.31744123055999 11.5589331218294 0 13.199469653219 0 14.3649147270059 0 3.93161185831445 0 0 0 0 0 0 0 0 0 0 0 0 0 0 0 0 0 0 0 0 0 0 0 0
0 0 0 0 0 0 0 0 0 0 0 0 0 0 0 0 0 0 0 0 0 0 0 0 0 0 0 0 0 0 2.7767110366912 0 0 0 0 0 0 0 0 0 0 0 0 0 0 0 0 0 0 0 0 0 0 0 0 0 0 0 0 0 9.98191148016411 0 16.4140319071436 16.9632448062925 0 2.49250410766753 0 0 0 0 0 0 0 0 0 0 0 0 0 0
0 0 0 0 0 3.96610322363109 0 0 0 0 0 0 0 5.20720729544092 0 0 0 0 0 0 0 0 0 0 0 0 0 0 0 0 0 0 0 0 0 0 0 0 0 0 0 0 12.7561708928268 0 9.62994517294411 21.0931755688251 8.25234168619139 0 0 0 0 0 0 0 0 0 0 0 0 0 0 0 0 0 0 0 0 0 0 0 0 0 0 0 0 0 0 0 0 0
0 0 0 0 0 0 0 0 0 0 0 0 0 5.12477319028904 0 0 0 0 0 0 0 0 0 0 0 0 0 0 0 0 3.87611569971366 0 0 0 0 0 0 0 0 0 7.10032461918333 7.48316940837145 6.93146681727845 5.7541338749526 0 5.71587089006726 0 0 0 0 0 0 0 0 0 0 0 0 0 0 0 0 0 0 0 0 0 0 0 0 0 0 0 0 0 0 0 0 0 0
0 0 0 0 0 0 0 0 0 0 0 0 0 0 0 0 0 0 0 0 0 0 0 0 0 0 0 0 0 0 0 0 0 0 0 0 0 0 0 0 0 14.6896129557209 7.22582491068739 0 18.4453249381207 0 0 0 0 0 0 0 0 0 0 0 0 0 0 0 0 0 0 0 0 0 0 0 0 0 0 0 0 0 0 0 0 0 0 0
0 0 0 0 0 0 0 0 0 0 0 0 0 0 0 10.9186799479734 0 27.4336365397031 4.50075206635508 7.51264990675461 0 0 0 0 0 0 0 0 0 0 0 0 0 0 0 0 0 0 0 0 0 0 0 0 0 0 12.6525555354697 0 0 12.9202768094707 5.08959272491863 0 7.3071568554127 9.09039494590446 0 0 0 0 0 0 0 0 0 0 0 0 0 0 0 0 0 0 0 0 0 0 0 0 0 0
0 0 0 0 0 0 0 0 0 0 0 0 0 0 0 0 0 0 0 0 0 0 0 0 0 0 0 0 0 0 0 0 0 0 0 0 0 0 0 0 0 0 0 0 0 0 0 0 0 0 0 0 0 0 0 0 0 0 0 13.2054502249073 0 14.6361337184383 13.2548029166664 0 0 8.37481673427794 0 0 0 0 0 0 0 0 0 0 0 0 0 0
0 0 0 0 0 0 0 0 0 0 0 0 0 0 0 10.8212539445279 14.5199154744632 0 6.78877943352171 5.12357225283552 5.81715370079831 4.3794455028435 3.04914339419128 0 0 0 0 0 0 0 0 0 0 0 0 0 0 0 0 0 0 0 0 0 0 0 7.22600941653353 0 14.5272182215703 0 0 16.9633137353202 0 4.19488606808368 0 0 0 0 0 0 0 0 0 0 0 0 0 0 0 0 0 3.84632850262333 0 0 0 0 0 0 0 0
0 0 0 0 0 0 0 0 0 0 0 0 0 0 6.71546348234564 0 0 6.59426961121361 7.27700875995658 7.36507991294405 6.84978404657242 0 12.7053739886361 0 0 0 0 0 0 0 0 0 0 0 0 3.14282050260757 0 0 0 0 0 0 0 0 0 0 0 8.13383376889883 0 4.79065104048931 0 9.36370701568201 6.9368115147194 0 14.9133234439606 0 0 0 0 0 0 0 0 0 0 0 0 0 0 0 0 0 0 0 0 0 0 0 0 0
0 0 0 0 0 0 0 0 0 0 0 0 0 0 0 0 0 0 0 0 0 0 0 0 0 0 0 0 0 0 0 0 0 0 0 0 3.91309545336791 0 0 0 0 0 12.6256349222273 12.319900988344 0 12.7530589371178 0 0 0 0 0 0 0 0 0 0 0 0 0 0 0 0 2.50284290497126 0 0 0 0 0 0 0 0 0 0 0 0 0 0 0 0 0
0 0 0 0 0 0 0 0 0 0 0 0 0 0 0 0 0 0 0 0 0 0 0 0 0 0 0 0 0 0 0 0 0 0 0 0 0 0 0 0 0 10.5529339426935 12.2667093110745 0 0 10.9093442069264 0 0 0 0 0 0 0 0 0 0 0 0 0 0 0 0 0 0 0 0 0 0 0 0 0 0 4.07370232675393 0 0 0 0 0 0 0
0 0 0 0 0 0 0 0 0 0 0 0 0 0 0 0 0 0 0 0 0 0 0 0 0 0 0 0 0 0 0 0 0 0 0 0 0 0 0 0 0 6.50508772247957 0 22.3891064151882 10.7361519757207 0 7.53964118621 0 0 22.2042367473356 0 8.04550695759166 0 0 0 0 0 0 0 0 0 0 0 0 0 0 0 0 0 0 0 0 0 0 0 0 0 0 0 0
0 0 0 0 0 0 0 0 0 0 0 0 0 0 0 0 0 0 0 0 0 0 0 0 0 0 0 0 0 0 0 0 0 0 0 0 0 0 0 0 8.79990013142055 0 0 12.7732714561511 0 11.3599658978958 9.52114469024961 0 0 0 0 0 0 0 0 0 0 0 0 0 0 0 0 0 0 0 0 0 0 0 0 0 0 0 0 0 0 0 0 0
0 0 0 0 0 0 0 0 0 0 0 0 0 0 0 0 0 0 0 0 0 0 0 0 0 0 0 0 0 0 0 0 0 0 0 0 0 0 0 0 0 0 8.65824595781774 10.2061592416188 8.89052342841279 5.52464249254039 4.77834899745228 5.05402458128275 0 0 0 0 0 0 0 0 0 0 0 0 0 0 0 0 0 0 0 0 0 0 0 0 0 0 0 0 0 0 0 0
0 0 0 0 0 0 0 0 0 0 0 0 0 0 0 0 0 0 0 0 0 0 0 0 0 0 0 0 0 0 0 0 0 0 0 0 0 0 0 0 23.395995734124 11.4756828217982 7.52698429813393 0 8.82376642780635 21.0307409758078 0 3.45970662335188 0 0 0 0.843414706930133 0 0 0 0 0 0 0 0 0 0 0 0 0 0 0 0 0 0 0 0 0 0 0 0 0 0 0 0
0 0 0 0 0 0 0 0 0 0 0 5.17663630733919 0 0 0 0 0 0 0 0 0 0 0 0 0 0 0 0 0 0 0 0 0 0 0 0 0 0 0 0 0 27.0233463257991 10.3825307978699 0 7.61085408414652 0 0 0 0 4.63651645537723 0 0 0 0 0 0 0 0 0 0 0 2.02358523535708 0 0 0 0 0 0 0 0 0 0 0 0 0 0 0 0 0 0
0 0 0 0 0 0 0 0 0 0 0 0 0 5.91917639828826 0 0 0 0 0 0 0 0 0 0 0 3.67969964429896 0 0 0 0 0 0 0 0 0 0 0 0 0 0 0 0 0 15.8633605505532 25.8077745737296 3.92758790032443 8.20735836841742 0 0 0 0 0 0 0 0 0 0 0 0 0 0 0 0 0 0 0 0 0 0 0 0 0 0 0 0 0 0 0 0 0
0 0 0 0 0 0 0 0 0 0 0 0 0 0 0 0 0 0 0 0 0 0 0 0 0 0 0 0 0 0 0 4.17668978485414 0 0 0 0 0 0 0 0 0 0 11.306386206244 7.73886362243301 9.30506675523673 6.65057719007371 3.42200529866273 0 22.2248426539413 0 0 0 0 0 0 0 0 0 0.861625995499161 0 0 0 0 0 0 0 0 0 0 0 0 0 0 0 0 0 0 0 0 0
0 0 0 0 0 0 0 0 0 0 0 0 0 0 0 0 0 0 0 0 0 0 0 0 0 0 0 0 0 0 0 0 0 3.50127674869797 0 0 0 0 0 0 0 0 0 0 0 0 0 0 0 0 0 0 0 0 0 0 4.9799952780611 0 0 0 14.6018489476109 22.1722977821541 4.92198054514245 8.88059919137867 8.44069406255392 0 5.31954799128625 0 0 0 0 0 0 0 0 0 0 0 0 0
0 0 0 0 0 0 0 0 0 0 0 0 0 0 0 0 0 0 0 0 0 0 0 0 0 0 0 0 0 0 0 0 0 0 0 0 0 0 0 0 0 0 0 0 0 0 0 0 0 0 0 0 0 0 0 0 0 0 0 16.8492385748497 0 0 18.2762883898016 3.56236855554305 0 0 0 0 0 0 0 0 0 0 0 0 0 0 0 0
0 0 0 0 0 0 0 0 0 0 0 0 0 0 0 0 0 0 0 0 0 0 0 0 0 0 0 0 0 0 0 0 5.65987504771592 0 0 0 0 0 0 0 4.64521942530636 0 8.52718699931119 0 0 7.51024381419194 10.5802673266568 0 0 0 0 0 0 0 0 0 0 0 0 0 0 0 0 0 0 0 0 0 0 0 0 0 0 0 0 0 0 0 0 0
0 0 0 0 0 0 0 0 0 0 0 0 0 0 0 0 0 0 0 0 0 6.84445513983156 0 0 0 0 0 0 0 0 0 0 0 0 0 0 0 0 0 0 0 20.0522404260767 0 8.58855546609757 7.5850563010543 4.1371352915503 0 0 0 0 0 0 0 0 0 0 0 0 0 0 3.00381204108486 0 0 0 0 0 0 0 0 0 0 0 0 0 0 0 0 0 0 0
0 0 0 0 0 0 0 0 0 0 0 0 0 0 0 0 0 0 0 0 0 0 0 0 0 0 0 0 0 0 0 0 0 0 0 0 0 0 0 0 0 0 0 17.8682087379111 0 0 0 0 0 0 0 0 0 0 0 0 0 0 0 0 0 0 0 0 0 0 0 0 0 0 0 0 0 0 0 0 0 0 0 0
0 0 0 0 0 0 6.02668694966967 0 0 0 0 0 0 0 0 0 0 0 0 0 0 0 0 0 0 0 0 0 0 0 0 0 0 0 0 0 0 0 0 0 0 5.52142107353826 0 10.7105924956024 0 8.31865092433266 4.95862803637282 0 0 0 0 3.31634920763631 0 0 0 0 0 0 0 0 0 0 0 0 0 0 0 0 0 0 0 0 0 0 0 0 4.15467408995323 0 0 0
0 0 0 0 0 0 0 0 0 0 0 0 0 0 0 0 0 0 0 0 0 0 0 0 0 0 0 0 0 0 0 0 0 0 0 0 0 0 0 0 21.4429433248152 0 26.7111263631952 0 7.07043717695109 5.67395505819323 0 0 0 0 0 0 0 0 0 0 0 0 0 0 0 0 0 0 0 0 0 0 0 0 0 0 0 0 0 0 0 0 0 0
0 0 0 0 0 0 0 0 0 0 0 0 0 0 0 0 0 0 4.07270652843865 0 0 0 0 0 0 0 0 0 0 0 0 0 0 0 0 0 0 4.43129087992056 0 0 0 8.18694971600637 0 0 12.6464180390542 0 7.72059502452288 7.46063400230168 0 0 0 0 0 0 0 0 0 0 0 0 0 0 0 0 0 0 0 0 0 0 0 0 0 0 0 0 0 0 0 0
0 0 0 0 0 0 0 0 0 0 0 0 0 0 0 0 0 0 0 3.23057056519027 0 0 0 0 0 0 0 0 0 0 0 0 0 0 0 0 0 0 0 0 17.0501288511985 0 24.5261416623368 4.38456035318547 20.2603476899576 2.77128206940148 0 0 0 0 0 0 0 0 0 0 0 0 0 0 0 0 0 0 0 0 0 0 0 0 0 4.56968038921566 0 0 0 0 0 0 0 0
0 0 0 0 0 0 0 0 0 0 0 0 0 0 0 0 0 0 0 0 0 0 0 0 0 0 0 6.72837348005654 0 0 0 0 0 0 0 0 0 0 0 0 0 0 0 0 0 0 0 0 0 0 0 0 0 3.88516263871327 0 0 0 0 26.4592404353575 11.5569320585411 5.90819769057151 7.22723817311335 0 3.46778629063535 0 0 0 0 3.05090976881591 0 0 0 0 0 0 0 0 0 0 0
0 0 0 0 0 0 4.34382440467056 0 0 0 0 0 0 0 0 0 0 0 0 0 0 0 0 0 0 0 0 0 0 0 0 0 0 0 0 0 0 0 0 0 0 0 0 0 0 0 0 0 0 0 0 0 0 0 0 0 0 0 0 0 15.0594011106133 0 17.8618471037706 0 0 0 0 0 0 0 0 0 0 0 3.30567324596139 0 0 0 0 0
0 0 0 0 0 0 0 0 0 0 0 0 0 0 7.50751197344167 0 0 8.32777849832895 7.8439813837047 6.83745089336134 0 4.39632695476778 0 8.3658643117498 0 0 0 0 0 0 0 0 0 0 0 0 0 0 0 0 0 0 0 0 0 0 14.3806666437436 0 5.94644023542549 9.37989097376662 0 10.2467546504412 4.48493567625714 9.49321585945798 0 12.6942355020968 0 0 0 0 0 0 0 0 0 0 0 0 0 0 0 0 0 0 0 0 0 0 0 0
0 0 0 0 0 0 0 0 0 0 0 0 0 0 0 0 0 0 0 0 0 0 0 0 0 0 0 0 0 0 0 0 0 3.73414819538194 0 0 0 0 0 0 0 0 0 0 0 0 0 0 0 0 0 0 0 0 6.4876124825878 0 0 0 0 10.8368032510841 15.4963831301021 0 25.8689653623072 15.8644203770655 0 0 0 0 0 0 0 0 0 0 0 0 0 0 0 0
0 0 0 0 0 0 0 0 0 0 0 0 0 0 0 0 0 0 0 0 0 0 0 0 0 0 0 0 0 0 0 0 0 0 0 0 0 0 0 0 0 0 0 0 0 4.13437855111427 0 0 0 0 0 0 0 0 0 0 0 0 13.1079665518754 14.1896502174083 0 8.1123270682175 0 15.9491479413468 15.7136762104661 0 0 0 0 0 0 0 0 0 0 0 0 0 0 0
0 0 0 0 0 0 0 0 0 0 0 0 0 0 0 0 0 0 0 0 0 0 0 0 0 0 0 0 0 0 0 0 0 0 0 0 0 0 0 0 0 0 0 0 0 0 0 0 0 0 0 0 0 0 0 0 0 0 10.8378292617837 12.1867117768433 0 20.0798085548194 0 0 7.59387026478667 0 0 0 0 0 0 0 0 0 0 0 0 0 0 0
0 0 0 0 0 0 0 0 0 0 0 0 0 0 0 10.5902076282976 9.84116926484053 0 0 12.8014788646229 8.99365978212901 13.0467431189035 0 0 0 0 0 0 0 0 0 0 0 0 0 0 0 0 0 0 0 0 0 0 0 0 0 0 10.8764939710419 0 0 12.0331186107788 0 8.69191309335659 5.14986607046866 0 0 0 0 0 0 0 0 0 0 0 0 0 0 0 0 0 0 0 0 0 0 0 0 0
0 0 0 0 0 0 0 0 0 0 0 0 0 0 0 0 0 0 0 0 0 0 0 0 0 0 0 0 0 0 0 0 0 0 0 0 0 0 0 0 0 0 0 0 0 0 0 0 0 0 0 0 0 0 0 0 0 0 0 0 12.3747225871189 0 8.69969601632703 8.39869393471149 4.25007313534624 0 0 0 0 0 0 0 0 0 0 0 0 0 0 0
0 0 0 0 0 0 0 0 0 0 0 0 0 0 0 0 0 0 0 0 0 0 0 0 0 0 0 0 0 0 0 0 0 0 0 0 0 0 0 0 0 0 0 0 3.42603576192966 0 0 0 0 0 0 0 0 0 0 0 0 0 9.54570408241852 0 10.6742194538882 0 27.7245831224731 19.5564739360442 0 0 0 0 0 0 0 0 0 0 0 0 0 0 0 0
0 0 0 0 0 0 0 0 0 0 0 0 0 0 0 0 0 0 0 0 0 0 0 0 0 0 0 0 0 0 0 0 0 4.04581284913494 0 0 0 0 0 24.4235075524498 0 14.2778221064179 0 11.4090712690669 5.7414437274461 3.4529994933539 0 0 0 0 0 0 0 0 0 0 0 0 0 0 0 0 0 0 0 0 0 0 0 0 0 0 0 0 0 0 0 0 0 0
0 0 0 0 0 0 0 0 0 0 0 0 0 0 0 4.75782618841093 0 0 0 0 0 0 0 0 0 0 0 0 0 0 0 0 0 0 0 0 0 0 0 0 0 0 0 0 4.84289295844267 0 0 0 0 0 0 0 0 0 0 0 0 0 7.35377643501141 0 19.8573629808255 10.1908608781595 0 20.0396690517915 25.7563736460028 0 0 0 0 0 0 0 0 0 0 0 0 0 0 0
0 0 0 0 0 0 0 0 0 0 0 0 0 0 0 0 0 0 0 0 0 0 0 4.72039476727092 0 0 0 0 0 0 0 0 0 0 0 0 0 0 0 0 0 0 25.9894442980832 6.46663063350341 12.1814477896837 3.5140946247833 0 0 0 0 0 0 0 0 0 0 0 0 0 0 0 0 0 0 0 0 0 0 0 0 0 0 0 0 0 0 0 0 0 0
0 0 0 0 0 0 0 0 0 0 0 0 0 0 0 0 0 0 0 0 0 0 0 0 0 0 0 0 0 0 0 0 0 0 0 0 0 0 0 0 0 0 0 0 0 0 0 0 0 0 0 7.25923570628145 0 0 0 0 0 0 0 0 0 11.6493340324684 11.3086083216469 0 0 0 7.5189970663226 0 0 0 0 0 0 0 0 0 0 0 0 0
0 0 0 0 0 0 0 0 0 0 0 0 0 0 0 0 0 0 0 0 6.41214759571701 0 0 0 0 0 0 0 0 0 3.82950836104614 0 0 0 0 0 0 0 2.72087796573758 0 0 0 0 0 0 0 0 0 0 0 0 0 0 0 0 0 0 0 0 13.4516629732998 0 25.7526173791346 19.50956165167 2.12969366045041 0 0 0 0 0 0 0 0 0 0 0 0 0 0 0 0
0 0 0 0 0 0 0 0 0 0 0 0 0 0 0 0 0 0 0 0 0 0 0 0 0 0 0 0 0 7.91551693830792 0 0 0 0 0 0 0 0 0 0 0 0 0 0 0 0 0 0 0 0 0 0 0 0 0 0 0 0 0 0 13.4766067438805 0 29.6196581221292 0 0 0 0 0 0 0 0 0 0 0 0 0 0 0 0 0
0 0 0 0 0 0 0 4.23694650174029 0 0 0 0 0 0 0 0 0 0 0 0 3.03803395697052 0 0 0 0 0 0 0 0 0 0 0 0 0 0 0 0 0 0 0 0 9.56847235267736 11.4147089170221 12.821555448117 0 8.77418216400516 6.2631860667173 0 0 0 0 0 0 0 0 0 0 0 0 0 0 0 0 0 0 0 0 0 0 0 0 0 0 0 0 0 0 0 0 0
0 0 0 0 0 0 0 0 0 0 0 0 0 0 23.3005282183851 9.78102252530639 0 0 7.04389497935341 7.97292907671228 0 0 0 0 0 0 0 0 0 0 0 0 0 0 0 0 0 0 0 0 3.62480278020212 0 0 0 0 0 0 0 0 0 0 12.2786188474092 6.72610092699774 9.0961489422969 0 8.83728761922828 0 0 0 0 0 0 0 0 0 0 0 0 0 0 0 0 0 0 0 0 0 0 0 0
0 0 0 0 0 0 0 0 0 0 0 0 0 0 0 0 0 0 0 0 0 0 0 0 0 5.47137131798708 0 0 0 0 0 0 0 0 0 0 0 0 0 0 0 0 0 0 0 0 0 0 0 0 0 0 0 0 0 0 0 0 0 12.8500681508144 26.2996386005508 0 15.9400083087981 8.84827456284051 0 0 0 0 0 0 0 0 0 0 0 0 0 0 0 0
0 0 0 0 0 0 0 0 0 0 0 0 0 0 11.9143026495495 0 13.1695660134411 0 8.6504273369937 7.95121241533898 7.24932716887947 3.28824653478869 0 0 0 0 0 0 0 0 0 0 0 0 0 0 0 0 0 0 4.70445784583277 0 0 0 0 0 0 0 0 0 13.5637418962684 0 10.4466511958262 8.99362623042194 0 7.17297027626014 0 0 0 0 0 0 0 0 0 0 0 0 0 0 0 0 0 0 0 0 0 0 0 0
0 0 0 0 0 0 0 0 0 0 0 0 0 0 0 30.1554804184134 5.470628807688 0 11.2756395875368 0 11.7735393041357 0 0 0 0 0 0 0 0 0 0 0 0 1.46196867861601 0 0 0 0 0 0 0 0 0 0 0 0 0 10.5074933131913 0 0 0 12.2024162880511 6.57894369610515 0 26.0417260385065 0 0 0 0 0 0 0 0 0 0 0 0 0 0 0 0 0 0 0 0 0 0 0 0 0
0 0 0 0 0 0 0 0 0 0 0 0 0 0 0 0 0 0 0 0 0 0 0 0 0 0 0 0 0 0 0 0 0 0 0 0 0 0 0 0 0 0 0 0 0 0 0 0 0 0 0 0 0 0 0 0 0 0 17.1434691356607 9.24088448184996 7.41719563770816 0 9.09093077255598 0 0 17.8301506909472 0 0 0 0 0 0.376513622586838 0 0 0 0 0 0 0 0
0 0 0 0 0 0 0 0 0 0 0 0 0 0 0 0 0 0 0 0 0 0 0 0 0 0 0 0 0 0 0 0 0 0 0 0 0 0 0 0 0 0 0 0 0 0 0 0 0 0 0 0 0 0 0 0 0 0 11.7534844196951 0 17.1378238865485 18.6540970615523 4.56882170322406 1.74075677931157 0 0 0 0 0 0 0 0 0 0 0 0 0 0 0 0
0 0 0 0 0 0 0 0 0 0 0 0 0 0 0 0 0 0 0 0 0 0 0 0 0 0 0 0 0 0 0 0 0 0 0 0 0 0 0 0 0 0 0 0 0 0 0 0 0 0 0 0 0 0 0 0 0 0 0 0 7.15795355633357 8.88412380875745 10.6500558080799 0 14.3955710162281 5.1685809542596 0 0 0 0 0 0 0 0 0 0 0 0 0 0
0 0 0 0 0 0 0 0 0 0 0 0 0 0 0 0 0 0 0 0 0 0 0 0 0 0 3.09656188639565 0 0 0 0 0 0 0 0 0 0 4.58094645906483 0 0 0 0 0 0 0 0 0 0 0 0 0 0 0 0 0 0 0 0 0 11.3932246689758 0 14.1007166847996 6.36380303108377 0 11.8650978211095 0 0 0 0 0 0 0 0 0 0 0 0 0 0 0
0 0 0 0 0 0 0 0 0 0 0 0 0 0 0 0 0 0 0 0 0 0 0 0 0 0 0 0 0 0 0 0 0 0 0 0 0 0 0 0 0 0 0 0 0 0 0 0 0 0 0 0 0 0 0 0 0 0 0 27.7427954161379 0 9.46246921025583 0 10.4407198937811 0 12.3788067031 0 0 0 0 0 0 0 0 0 0 0 0 0 0
0 0 0 0 0 0 0 0 0 0 0 0 0 0 0 0 0 0 0 0 0 0 0 0 0 0 0 0 0 0 0 0 0 0 0 0 0 0 0 0 0 0 0 0 0 0 0 0 0 0 0 0 0 0 0 0 0 0 0 12.5131159527025 9.17344958592201 12.562079386966 0 24.6965988037156 4.50391065596793 0 0 0 0 0 0 0 0 0 0 0 0 0 0 0
0 0 0 0 0 0 0 0 0 0 0 0 0 3.32647974459919 0 0 0 0 0 0 0 0 0 0 0 0 0 0 3.2073765925996 0 0 0 0 0 0 0 0 0 0 0 0 0 0 0 0 0 0 0 0 0 0 0 0 0 0 0 0 0 0 29.5635258974229 0 10.0195392381846 0 5.20331362067979 6.76736011769869 0 0 0 0 0 0 0 0 0 0 0 0 0 0 0
0 0 0 0 0 0 0 0 6.73842945405221 0 0 0 0 0 0 0 0 0 0 0 0 0 0 0 0 0 0 0 0 0 0 0 0 0 0 0 0 0 0 0 0 0 0 0 3.6905440084293 0 0 0 0 0 0 0 0 0 0 0 0 0 0 17.8248724834711 10.3749777155468 0 13.3302159151916 10.2369604863807 0 1.25167431081633 0 0 0 0 0 0 0 0 0 0 0 0 0 0
0 0 0 0 0 0 0 0 0 0 0 0 0 0 8.88148303373432 0 6.41240209914506 0 7.15218483489335 8.42904831679576 6.70565914502944 0 0 0 0 0 0 0 0 0 0 0 0 0 0 0 0 0 0 0 0 0 3.13729630870829 0 0 0 0 0 14.1616591428001 0 13.4670019660194 13.4860103894683 0 11.3744995081823 0 7.66323202738923 0 0 0 0 0 0 0 0 0 0 0 0 0 0 0 0 0 0 0 0 0 0 0 0
0 0 0 0 0 0 5.43178625661822 0 0 0 0 0 0 4.05653952134173 0 0 0 0 0 0 0 0 0 0 0 0 0 0 0 0 0 0 0 0 0 0 0 0 4.85365848189595 0 0 0 0 0 0 0 0 0 0 0 0 0 0 0 0 0 0 0 0 9.68412266775354 0 10.9558976557871 7.73168252784404 0 0 3.78741338156514 0 0 0 0 0 0 0 0 0 0 0 0 0 0
0 0 0 0 0 0 0 0 0 0 0 0 0 0 0 0 10.5521049564647 0 7.68042928967711 10.8517241578148 0 0 0 0 0 0 0 0 0 0 0 0 0 0 0 0 0 0 0 0 0 0 0 0 0 0 0 19.9895292685545 0 11.3286747697141 10.3444060910097 0 0 7.23100821376669 0 5.67119496203821 0 0 0 0 0 1.43794166044302 0 0 0 0 0 0 0 0 0 0 0 0 0 0 0 0 0 0
0 0 0 0 0 0 0 0 0 0 0 0 0 0 0 0 0 0 0 0 0 0 0 0 0 0 0 0 0 0 0 0 0 0 0 0 0 0 0 0 0 0 0 0 0 0 0 0 0 0 0 0 3.92349705001704 0 0 0 0 0 0 0 25.4204564024154 5.54366170105658 0 7.81648630370912 4.25278522494978 0 0 0 2.11255505779313 0 0 0 0 0 0 0 0 0 0 0
0 0 0 0 0 0 0 0 0 0 0 0 0 0 0 0 3.21146579772684 0 0 0 0 0 0 0 0 0 0 0 0 0 0 0 0 0 0 0 0 0 0 0 0 15.3573887909731 0 29.5503914198819 0 6.39809842544027 0 0 0 0 0 0 0 0 0 0 0 0 0 0 0 0 0 0 0 0 0 0 0 0 0 0 0 0 0 0 0 0 0 0
