0 0 0 0 0 0 0 0 0 0 0 0 0 0 0 12.3138893769695 0 13.1904138319471 8.49433042256548 7.17794383685627 7.12178269744994 4.82679554116315 0 11.3788816609347 0 0 0 0 0 0 0 0 0 0 0 0 0 0 0 0 0 0 0 0 0 0 0 0 0 0 9.2630633148824 0 0 0 6.53293091284114 0 0 0 0 0 0 0 0 0 0 0 0 2.60047546496225 0 0 0 0 0 0 0 0 0 4.07703326496107 0 0
0 0 0 0 0 0 0 0 0 0 0 0 0 24.9377251323529 0 0 8.84057739182093 11.0175992450122 7.42798900637947 0 7.77341089776866 2.57663226869771 0 12.0741047937983 0 0 0 0 0 0 0 0 0 0 0 0 0 0 0 0 0 0 0 0 0 0 0 0 0 0 0 0 0 14.5568198185092 0 0 0 0 0 0 0 0 0 0 0 0 0 0 0 0 0 0 0 0 0 0 0 0 0 0
0 0 0 0 0 0 0 0 0 0 0 0 0 0 8.88324855746008 0 27.2204011809733 0 7.9957258647072 9.06563074650676 4.18907576492965 21.6744582459656 0 4.87020391714391 0 0 0 0 0 0 0 0 0 0 0 0 0 0 0 0 0 0 0 0 0 0 0 0 0 0 0 0 0 0 9.47072795013865 0 0 0 0 0 0 0 0 0 0 0 0 0 0 0 0 0 0 0 0 0 0 0 0 0
0 0 0 0 0 0 0 0 0 0 0 0 0 0 0 0 0 0 0 0 0 0 0 0 0 0 0 0 0 0 0 0 0 0 0 0 0 0 0 0 8.62268826720693 0 11.6853853013775 12.1448783337546 5.38280080372468 4.02043987548794 0 0 0 0 0 0 0 0 0 0 0 0 0 0 3.63998052307037 0 0 0 0 0 0 0 0 0 0 0 0 0 0 0 0 0 0 0
0 0 0 0 0 0 0 0 0 0 0 0 0 25.9822605271217 0 13.7277848936401 0 19.4494722761058 0 8.20465088046715 4.14167251189497 2.65699423438773 6.18647463032933 6.42419245774592 0 0 0 0 0 0 0 0 0 0 0 1.45566976713179 0 0 0 0 0 0 0 0 0 0 0 0 0 0 0 0 0 10.8799895954847 0 0 0 0 0 0 0 0 0 0 0 0 0 0 0 0 0 0 0 0 0 0 0 0 0 0
0 0 0 0 0 0 0 0 0 0 0 0 0 0 10.6626491478563 0 12.6353749306742 4.92068665980015 6.75930942685755 8.39007390160161 9.64852618805253 0 13.8990490585421 0 0 0 0 0 0 0 0 0 0 0 0 0 0 0 0 0 0 0 3.42814264290983 0 0 0 0 0 0 0 0 0 0 0 10.3570597151592 0 0 0 0 0 0 0 0 0 0 0 0 0 0 0 0 0 0 0 0 0 0 0 0 0
0 0 0 0 0 0 0 0 0 0 3.28361832434248 0 0 5.45718840418053 0 12.8353305086261 0 7.40161290487834 7.84484286607577 20.361181358501 4.17185239357619 7.29754994552006 0 6.03745269402018 0 0 0 0 0 0 0 0 0 0 0 0 0 0 0 0 0 0 0 0 0 0 0 0 0 0 0 0 0 0 0 9.11094815911201 0 0 0 0 4.17490875306978 0 0 0 0 0 0 0 0 0 0 0 0 0 0 0 0 0 0 0
0 0 0 0 0 0 0 0 0 0 0 0 0 0 0 15.3945437799458 9.16989447244678 6.57102895851907 0 12.8527823460051 0 9.4256876640145 4.65377338266742 0 0 0 0 0 0 0 0 0 0 0 0 0 0 0 0 0 0 0 0 0 4.77525216000871 0 0 0 0 0 0 7.77490059333518 0 0 4.06936711445579 0 0 0 0 0 0 0 0 0 0 0 0 0 0 0 0 0 0 0 0 0 0 0 0 0
0 0 0 0 0 0 0 0 0 0 0 0 0 0 7.91314260547774 6.14430626187757 11.1931761484789 0 7.99075401172662 6.33508209036858 20.4524729472231 1.73666050056276 1.82435891759018 20.4094668372153 0.281247556240729 0 0 0 0 0 0 0 0 0 0 0 0 0 0 0 0 0 0 0 0 0 0 0 0 0 0 0 6.99167064917321 7.65686609779319 26.1581430400148 0 0 0 0 0 0.459249742708558 0 0 0 0 0 0 0 0 0 0 0 0 0 0 0 0 0 3.49267744779043 0
0 0 0 3.1255776104706 0 0 0 0 0 0 0 0 0 6.0774374258371 0 6.37759741861283 5.98606605072084 8.16095777317322 5.59523144821416 0 7.08575900504824 0 5.17136183330412 8.59369426387185 0 0 0 0 0 0 0 0 0 0 0 0 0 0 0 0 0 0 0 0 0 0 0 0 0 0 0 0 0 0 0 0 0 0 0 0 0 0 0 0 0 0 0 0 0 0 4.68450192587065 0 0 0 0 0 0 0 0 0
0 0 0 0 0 0 0 0 0 0 0 0 0 0 0 13.8181207202501 10.2098531465313 8.43450288069817 0 11.1667499526764 0 0 4.64729554537259 0 0 0 0 0 0 0 0 0 0 0 0 0 0 0 0 0 2.99518837109079 0 0 0 0 0 5.29613254509189 0 0 0 0 0 0 0 23.6631599264666 7.72816183869008 0 0 0 0 0 0 0 0 3.44580082429906 0 0 0 0 0 0 0 0 0 0 0 4.31675566880653 0 0 0
0 0 0 0 0 0 0 0 0 0 0 0 0 13.9403402486589 0 9.37193168067486 22.1782060018415 5.24979081192869 6.76719034487787 5.81908380494058 6.29174304337628 0 6.6978484693521 6.7865469738435 0 0 0 0 0 0 0 0 0 0 0 0 0 0 0 0 0 0 0 0 0 0 0 0 0 0 0 0 0 14.1568285447975 0 0 0 0 0 0 0 0 0 0 0 0 0 0 0 0 0 0 0 0 0 0 0 0 0 0
0 0 0 3.79700001303378 0 0 0 0 0 0 0 0 0 0 0 10.039419318923 7.35060616463791 11.5051119095878 0 6.76994071818025 5.23098483485521 3.26225989427919 4.25329001766737 4.18595740855884 2.17374711260094 0 0 0 0 0 0 0 0 0 0 0 0 0 0 0 0 0 0 0 0 0 0 0 0 0 5.03863552479447 0 0 7.08814596110929 0 0 0 0 0 0 0 0 0 0 0 0 0 0 0 0 0 0 0 0 0 0 0 0 0 0
0 0 0 0 0 0 0 0 0 0 0 0 0 0 0 0 0 0 0 0 0 0 0 0 0 0 0 0 0 0 0 0 0 0 0 0 0 0 0 0 0 0 0 0 0 0 0 0 0 0 0 0 0 0 0 0 0 0 2.85533782867869 0 0 0 6.69975547276739 6.61942213523566 0 0 0 0 0 0 0 0 0 0 0 0 0 0 0 0
0 0 0 0 0 0 0 0 0 0 0 0 0 0 24.430766011911 11.634699148764 0 7.03003555914373 7.94003094009282 6.78274790706008 4.62963827333093 8.46150917030583 3.80013013539173 0 0 0 0 0 0 0 0 0 0 0 0 0 0 0 0 0 0 0 0 0 0 0 0 0 0 6.50874139905076 0 0 0 20.5484599819772 8.63839042043546 0 0 0 0 0 0 0 0 0 0 0 0 0 0 0 0 0 0 0 0 0 0 0 0 0
0 0 0 0 0 0 0 0 0 3.50105975768319 0 0 0 0 9.54019655507287 23.9857274193538 9.8860405970151 24.6597282153479 0 10.6438919219371 0 0.878218596148372 0 0 0 0 0 0 0 0 0 0 0 0 0 0 0 0 0 0 0 0 0 0 0 0 0 0 0 0 0 0 13.6865473853606 21.6655762684683 0 0 0 0 0 0 0 0 0 0 0 0 0 0 0 0 0 0 0 0 0 0 0 0 0 0
0 0 0 0 0 0 0 0 0 0 0 0 0 0 0 0 0 0 0 0 0 0 0 0 0 0 0 0 0 0 0 0 0 0 0 0 0 0 0 0 0 0 0 0 0 0 0 0 0 0 0 0 0 0 0 0 5.31715163807086 0 0 0 0 0 0 0 0 0 0 0 6.84936585395152 0 0 0 0 0 0 0 0 0 0 0
0 0 0 0 0 0 0 0 0 0 0 0 0 0 6.53980391464419 0 26.7653779176046 6.68738705056893 0 11.672887785771 7.14181237295092 0 7.48343255196685 0 20.3243187809965 0 0 0 0 0 0 0 0 0 0 0 0 0 0 0 0 0 0 0 0 0 0 0 0 0 0 0 0 2.70845871866939 0 0 0 0 0 0 0 0 3.27208353311241 0 0 0 0 0 0 0 0 0 0 0 0 0 0 0 0 0
0 0 0 0 0 0 0 0 0 0 0 0 0 0 5.58039810930712 9.95966512953849 0 6.86874696168687 7.16852948881766 8.70575612954875 7.96226568312545 3.05102939828684 4.94713859285759 0 0 0 0 0 0 0 0 0 0 0 0 0 0 0 0 0 0 0 0 0 0 0 0 0 0 0 0 0 0 24.9680882015193 0 0 0 0 0 0 0 0 0 0 0 0 0 0 0 0 0 0 0 0 0 0 0 0 0 0
0 0 0 0 0 0 0 0 0 0 0 0 0 0 0 5.30064395755238 25.5348810873539 0 27.0061765137503 0 0 5.58632658909094 3.08277454689145 0 0 0 0 0 0 0 0 0 4.09727915117912 0 0 0 0 0 0 0 0 0 0 0 0 0 0 0 0 0 0 0 0 0 0 6.43085297344305 0 0 0 0 0 0 0 3.72371811087015 0 0 0 0 0 0 0 0 0 0 0 0 0 0 0 0
0 0 0 0 0 0 0 0 0 0 0 0 12.991180379043 0 5.85194871368024 0 6.39750354269562 0 12.7855507494183 7.77352660854859 4.51653741941266 5.51538131624496 0 4.36248483572788 0 1.06965311247475 0 0 0 0 0 0 0 0 0 0 0 0 0 1.39447048351743 0 0 0 0 0 0 0 0 0 0 0 0 10.001513276092 0 0 0 0 0 0 0 2.18642567702214 0 0 0 0 0 0 0 0 0 0 0 0 0 0 0 0 0 0 0
0 0 0 0 0 0 0 0 0 0 0 0 0 0 5.81783756960987 8.57134479850506 8.32554009235166 6.36407358321975 5.30235881147423 10.714667496699 3.11093574969331 0.90697205855512 0 6.73216923326142 3.94682722933459 0 0 0 0 0 0 0 0 0 0 0 0 0 0 0 0 0 0 0 0 0 0 0 0 0 0 2.89757050050716 0 0 0 0 0 0 0 0 0 0 0 0 0 0 0 0 3.64870402824992 0 0 0 0 0 0 0 0 0 0 0
0 0 0 0 0 0 0 0 0 0 0 0 0 0 14.2025470689045 0 0 14.9904690416763 5.96926705501187 0 19.7308985281297 16.5687341464112 0 8.56476394919702 0 0 0 0 0 0 0 0 0 0 0 0 0 0 1.36245846304386 0 0 0 0 0 0 0 0 0 0 0 0 0 0 4.61509101084982 0 0 0 0 0 0 0 0 0 0 0 0 0 0 0 0 0 0 0 0 0 0 0 0 0 0
0 0 0 0 0 0 0 0 0 4.79822674791248 0 0 0 0 14.1338666862809 20.7502390043054 9.13142128959273 5.52988786897237 4.07037210825794 3.46180251133391 0 2.73079892693278 0 7.09962365839711 0 0 0 0 0 0 0 0 0 0 0 2.70425268150536 0 0 0 0 0 0 0 0 0 0 0 0 2.86245274697705 0 0 0 0 8.45302391259456 0 0 0 0 0 0 0 0 0 0 0 0 0 0 0 0 0 0 0 0 0 0 0 0 0 0
0 0 0 0 0 0 0 0 0 0 0 0 0 0 6.81626903064446 10.2403766614642 13.1012587117355 11.0212652039597 6.18533813711736 14.83189262615 0 4.11464613032655 20.1403049505014 0 0 0 0 0 0 0 0 0 0 0 0 0 0 0 0 0 0 2.57372534256618 0 0 0 0 0 0 0 0 0 0 20.5246922905203 6.39146519011672 8.59950566332624 0 0 0 0 0 2.48802987616452 0 0 0 0 0 0 0 0 0 0 0 0 0 0 0 0 0 0 0
0 0 0 0 0 0 0 0 0 0 0 0 0 0 0 0 0 0 0 0 0 0 3.45816648720417 0 0 0 0 0 0 2.92807464828942 0 0 0 0 0 0 0 0 0 0 0 0 18.1974906201096 0 12.5921907804557 0 0 0 0 0 0 0 0 0 0 0 0 0 0 0 0 0 0 0 0 0 0 0 0 0 0 0 0 0 0 0 0 0 0 0
0 0 0 0 0 0 0 0 0 0 0 0 0 0 0 0 0 0 0 0 0 0 0 0 0 0 0 0 0 0 0 0 0 0 0 0 0 0 0 0 0 0 0 0 0 0 0 0 0 0 0 0 0 0 0 0 0 0 0 0 0 0 12.5780152628392 0 7.99549599785657 0 0 0 0 0 0 0 0 0 0 0 3.79432475935681 0 0 0
0 0 0 0 0 3.33042753884242 0 0 0 0 0 0 0 2.50690687499557 0 0 0 0 0 0 0 0 0 0 0 0 0 0 0 0 0 0 0 0 0 0 0 0 0 0 0 0 6.00554139834056 0 12.1821897894895 0 0 0 0 7.84302896998063 0 0 0 0 0 0 0 0 0 0 0 0 0 0 0 0 0 0 0 0 0 0 0 0 0 0 0 0 0 0
0 0 0 0 0 0 0 0 0 0 0 0 0 0 0 0 0 0 0 0 0 0 0 0 0 0 0 0 0 0 0 0 0 0 0 0 0 0 0 0 0 0 0 0 11.892354581195 0 0 0 0 0 0 0 0 0 0 0 0 0 0 0 0 0 0 0 0 0 0 0 0 0 0 0 0 0 0 0 0 0 0 0
0 0 0 0 0 0 0 0 0 0 0 0 0 0 0 0 0 0 0 0 0 0 0 0 0 0 0 0 0 0 0 0 0 0 0 0 0 0 0 0 0 0 0 0 0 0 0 0 0 0 0 0 0 0 0 0 0 3.65168831142936 0 0 0 0 0 0 12.8241986223958 3.99699094842325 0 0 0 0 0 0 0 0 0 0 0 0 0 0
0 0 0 0 0 0 0 0 0 0 0 0 0 0 0 0 0 0 3.06644364721193 0 0 0 0 0 0 0 0 0 0 0 0 0 0 0 0 0 0 0 0 0 0 0 0 11.8597356215273 0 12.2270811800068 5.50756486356226 0 0 0 3.76975767142753 0 0 0 0 0 0 0 0 0 0 0 0 0 0 0 0 0 0 0 0 0 0 0 0 0 0 0 0 0
0 0 0 0 0 0 0 0 0 0 0 0 0 0 0 0 0 0 0 0 0 0 0 0 0 0 0 0 0 0 0 0 0 0 0 0 0 0 0 0 0 0 0 5.62328907702508 7.22051488532018 0 7.65340411315052 0 0 0 0 0 0 0 0 0 0 0 0 0 0 0 0 0 0 0 0 0 0 0 0 0 0 0 0 0 0 0 0 0
0 0 0 0 0 0 0 4.24424351087766 0 0 0 0 0 0 17.1873151557006 21.8810090751306 9.46714827108251 12.4234135273116 0 0 12.5208464935042 3.37721383040871 4.18288801820103 2.82831373823143 0 0 0 0 0 0 0 0 0 0 0 0 0 0 0 0 0 0 0 0 0 0 0 5.17502161331819 0 0 0 0 0 0 6.57375812088239 0 0 0 0 0 0 0 0 0 0 0 0 0 0 0 0 0 0 0 0 0 0 0 0 0
0 0 0 0 0 0 0 0 0 0 0 0 0 0 0 0 0 0 0 0 0 0 0 2.81213851299006 0 0 0 0 0 0 0 0 0 0 0 0 0 0 0 0 0 0 16.8205961953175 9.6979625643556 0 21.7177825059894 0 0 0 0 0 0 0 0 0 0 0 0 0 0 0 0 0 0 0 0 3.84668454199482 0 0 0 0 0 0 0 0 0 0 0 0 0
0 0 0 0 0 0 0 0 0 0 0 0 0 0 0 0 0 0 0 0 0 0 0 0 0 0 0 0 0 0 0 0 0 0 0 0 0 0 0 0 0 0 0 13.8850344129677 0 5.78899865530748 0 0 5.30702337413548 7.26744164045839 0 0 0 0 0 0 0 0 0 0 0 0 0 0 0 0 0 0 0 0 0 0 0 0 0 0 0 0 0 0
0 0 0 0 0 0 0 0 0 0 0 0 0 0 3.96141868054935 0 0 0 0 0 0 0 0 0 0 0 0 0 0 0 0 0 0 0 0 0 0 0 0 0 0 0 0 0 5.45498884730037 9.75782430067346 24.1263700217619 6.66228354567546 0 0 0 0 0 0 0 0 0 0 0 0 0 0 0 0 0 0 0 0 2.54440287142881 0 0 0 0 0 2.78236676831799 0 0 0 4.0135785016817 0
0 0 0 0 0 0 0 0 0 0 0 0 0 0 0 0 0 0 0 0 0 0 0 0 0 0 0 0 0 0 0 3.79611569265863 0 0 0 0 0 0 0 0 0 0 0 11.9665148506754 0 0 11.7665357788993 7.2070537885239 4.58841725614175 0 0 0 0 0 0 0 0 0 0 0 0 0 0 0 0 0 0 0 0 0 0 0 0 0 0 0 0 0 0 0
0 0 0 0 0 0 0 0 0 0 0 0 0 0 0 0 0 0 0 0 0 0 0 0 0 0 0 2.21432668011963 0 0 0 0 0 0 0 0 0 0 0 0 0 0 0 17.6427333789871 0 9.08262852835793 0 0 0 0 0 0 0 0 0 0 0 0 0 0 0 0 0 0 0 0 0 0 0 0 0 0 0 0 0 0 0 0 0 0
0 0 0 0 0 0 0 4.39535602605633 0 0 0 0 0 0 0 0 0 0 0 0 0 0 0 0 0 0 0 0 0 0 0 0 0 0 0 0 0 0 0 0 0 0 0 0 0 16.2747165469297 0 0 0 0 0 0 0 0 0 0 0 0 0 0 0 0 0 0 0 0 0 0 0 0 0 0 0 0 0 0 0 0 0 0
0 0 0 0 0 0 0 0 0 0 0 0 0 0 0 0 0 0 0 0 0 0 0 0 0 0 0 0 0 0 0 0 0 0 0 0 0 0 0 0 0 0 0 11.2750600290516 0 0 11.0060824149404 0 0 0 0 0 0 0 0 0 0 0 0 0 1.96828139684749 0 0 0 0 0 0 0 0 0 0 0 0 0 0 0 0 0 0 0
0 0 0 0 0 0 0 0 0 0 4.82279704036451 0 0 0 0 0 17.9336200113145 7.4397351582085 25.2414487242316 0 4.63472291682398 3.46347201648759 5.0367733164925 0 0 0 0 0 0 0 0 1.28966740257065 0 0 0 0 0 0 0 0 0 0 0 0 0 0 0 0 0 0 0 0 5.87976349871284 0 4.88651275514806 0 0 0 0 0 0 0 0 0 0 0 0 0 0 0 0 0 0 0 0 0 0 0 0 0
0 0 0 0 0 0 0 0 0 0 0 0 0 0 0 0 0 0 0 0 0 0 0 0 0 0 0 0 0 0 0 0 0 0 0 0 0 0 0 0 0 0 0 0 0 0 0 0 0 0 0 0 0 0 0 0 0 0 0 0 5.07797032774525 9.50185829110142 0 13.747090440448 5.36956964531069 21.7463594019419 0 0 0 0 0 0 0 0 0 0 2.50268889496069 0 0 0
0 0 0 0 4.95123266762999 0 0 0 0 0 0 0 0 0 0 0 0 0 0 0 0 0 0 0 0 0 0 0 0 0 4.53647814261308 0 0 0 0 0 0 0 0 0 0 0 0 0 8.02992524441713 9.79127895614825 0 0 0 0 0 0 0 0 0 0 0 0 0 0 0 0 0 0 0 0 0 0 0 0 0 3.9154305645005 0 0 0 0 0 0 0 0
0 0 0 0 0 0 0 0 0 0 0 0 0 2.62425865310153 0 0 0 0 0 0 0 0 0 0 0 0 0 2.62745583960343 0 0 0 0 0 0 0 0 0 0 0 0 0 0 6.3092178217714 0 11.9888292235135 0 14.6353317161086 0 0 0 0 0 0 0 0 0 0 0 0 0 0 0 0 0 0 0 0 0 0 0 0 0 0 0 0 3.32507484917812 0 0 0 0
0 0 0 0 0 0 0 0 0 0 0 0 0 0 0 0 0 0 0 0 0 0 0 0 0 0 0 0 0 0 0 0 0 0 0 0 0 0 0 0 0 0 0 22.7090217428859 7.49462809952002 9.96219970150032 3.74896782093901 0 0 21.9442286052722 0 0 0 0 0 0 0 0 0 0 0 0 0 0 0 0 0 0 0 0 0 3.17578896116865 0 0 0 0 0 0 0 0
0 0 0 0 0 0 0 0 0 0 0 0 0 8.44105334828011 10.7070734673276 8.57728116854428 22.2942390552978 0 9.11175093981358 5.67174622607043 6.76653128012246 4.20746558126218 0 0 2.86374595073528 0 0 0 0 0 0 0 0 0 0 0 0 0 0 0 0 0 0 0 0 0 0 0 0 0 0 0 0 27.3929002494276 0 0 0 0 0 0 0 0 0 0 0 0 0 0 0 0 0 0 0 0 0 0 0 3.19926464775197 0 0
0 0 0 0 0 0 0 0 0 0 0 0 3.30546707355277 0 0 0 0 0 0 0 0 0 0 2.79993524732991 0 0 0 0 0 0 0 0 0 0 0 0 0 0 0 0 0 0 0 0 0 0 0 0 0 0 0 0 0 0 0 0 0 0 0 0 0 0 15.6555767359867 0 13.5853997915967 0 9.23920092242399 0 0 0 0 0 0 0 0 0 0 0 0 0
0 0 0 0 0 0 0 0 0 0 0 0 0 0 0 9.12959430945316 6.92098675907696 7.84736281007365 6.3504985027399 6.81288981208589 3.81205607644876 0 9.77109737500678 0 0 0 0 0 0 0 0 0 0 0 0 0 2.43819376633226 0 0 0 0 0 0 0 0 0 0 0 0 0 0 0 0 0 9.88622257171048 0 0 5.91897890236678 0 0 0 0 0 0 0 0 0 0 0 0 0 0 0 0 0 0 0 0 0 0
0 0 0 0 0 0 0 0 0 0 0 0 0 0 0 8.30086667090117 0 11.8448779190241 0 10.3436278777455 9.58798841332123 6.00363373182222 0 13.1212535582715 0 0 0 0 0 0 0 0 0 0 0 0 0 0 0 0 0 0 0 0 0 0 0 0 0 0 0 0 0 0 0 0 0 23.0077731538261 0 0 0 0 0 0 0 0 0 0 0 0 0 4.81617747076699 0 0 0 0 0 0 5.73936385429592 0
0 0 0 0 0 0 0 0 0 0 0 0 0 0 0 0 0 0 0 0 0 0 0 0 0 0 0 0 0 0 0 0 0 0 0 0 0 0 0 0 0 0 12.6875690254706 4.68946292519006 0 0 0 0 10.7025577882402 0 0 0 0 0 0 2.98441092766645 0 0 0 0 0 0 0 0 0 3.54153696546334 0 0 0 0 0 0 0 0 0 0 0 0 0 0
0 0 0 0 0 0 0 0 0 0 0 0 0 0 0 0 0 0 0 0 0 0 0 0 0 0 0 0 0 0 0 0 0 0 0 0 0 0 0 0 0 0 8.24363434317279 13.1126246928852 0 22.8828725144373 0 0 0 0 0 0 0 0 0 0 0 1.50814828782841 0 0 0 0 0 0 0 0 0 0 0 0 0 0 0 0 0 0 0 0 0 0
0 0 0 0 0 0 0 0 0 0 0 0 0 0 0 0 0 0 0 0 0 0 0 0 0 0 0 0 0 0 0 0 0 0 0 0 0 0 0 0 0 0 0 9.24913882103149 0 5.40842721655687 0 0 0 9.53514710513514 0 0 0 0 0 0 0 0 0 0 0 0 0 0 0 0 0 4.34484634201946 0 0 0 0 0 0 0 0 0 0 0 0
0 0 0 0 0 0 0 0 0 0 0 0 0 0 0 0 0 0 0 0 0 0 0 0 3.71369939951192 0 0 0 0 0 0 0 0 0 0 0 0 0 0 0 0 0 0 7.36904113993536 0 12.8723900181142 0 0 0 25.8359954170952 0 0 0 0 0 0 0 0 0 0 0 0 0 0 0 0 0 0 0 0 0 0 0 0 0 0 0 0 0 0
0 0 0 0 0 0 0 0 0 0 0 4.58413764480986 0 0 0 0 0 0 0 0 0 0 0 0 0 0 0 0 0 0 0 0 0 0 5.99033001373153 0 0 0 0 0 0 0 16.1968019004251 0 10.0587835064039 0 0 0 0 0 0 0 0 0 0 0 0 0 0 0 0 0 4.94598718492568 0 0 0 0 0 0 0 0 0 0 0 0 0 0 0 0 0
0 0 0 0 0 0 0 0 0 0 0 0 0 0 0 0 0 0 0 0 0 0 0 0 0 0 0 0 0 0 0 0 0 0 0 0 0 0 0 0 0 0 0 0 12.4459511512866 0 13.5224971656169 0 0 0 0 0 0 0 0 0 0 0 0 0 0 0 0 0 0 0 0 0 0 0 0 0 0 0 0 0 0 0 0 0
0 0 0 0 0 0 0 0 0 0 0 0 0 0 0 0 0 0 0 0 0 0 0 0 0 0 0 0 0 0 0 0 0 0 0 0 0 0 0 0 0 0 22.2353767593228 4.82960786205361 20.9256303227949 6.62673585978818 0 0 0 0 0 0 0 0 0 0 0 0 0 1.70801289363481 0 0 0 0 0 0 0 0 0 0 0 0 0 0 0 0 0 0 0 0
0 0 0 0 0 0 0 0 0 0 0 0 0 0 0 0 0 5.54372651768712 0 0 0 0 0 0 0 0 0 0 0 0 0 0 0 0 0 0 0 0 0 0 0 0 0 23.0785407466865 6.4105786451155 10.8196664807822 0 7.55160018000018 0 0 0 0 0 0 0 1.63713394961497 0 0 0 0 0 0 0 0 0 0 0 0 0 0 0 0 0 0 0 3.16780512327853 0 0 0 0
0 0 0 0 0 0 0 0 0 0 0 5.10703121230676 0 0 0 0 0 3.28305239102248 0 0 0 0 0 0 0 0 0 0 0 0 0 0 0 0 0 0 0 0 0 0 0 0 7.52854689298276 14.1643615600637 0 7.95896561434879 0 10.6225918199476 0 0 0 0 0 0 0 0 0 0 0 0 0 0 0 0 0 0 0 0 0 0 0 0 0 0 0 0 0 0 0 0
0 0 0 0 0 0 0 0 0 0 0 0 0 0 0 0 0 0 0 0 0 0 0 0 0 0 0 0 0 0 0 0 0 0 0 0 0 0 0 0 0 0 0 0 0 0 0 0 0 0 0 0 0 0 4.03557238357179 0 0 0 0 0 11.6277652255418 11.2634279806986 0 0 0 0 8.22825894029772 0 0 0 0 0 0 0 0 0 0 0 0 0
0 0 4.49196050152802 0 0 0 0 0 0 0 0 0 0 0 0 0 0 0 0 0 0 0 0 0 0 0 0 0 0 0 0 0 0 0 0 0 0 0 0 0 0 0 0 0 0 0 0 0 0 0 0 0 0 0 4.70732343958161 0 0 0 0 0 11.3481648823468 0 0 10.5257148265371 22.7753199880032 3.05409237852263 0 0 0 1.38663495850102 0 0 0 0 0 0 0 0 0 0
0 0 0 0 0 0 0 0 0 0 0 0 0 0 0 0 0 0 0 0 0 0 0 0 0 0 0 0 0 0 0 0 0 0 0 0 0 0 0 0 0 6.93687187861097 0 8.12707567292143 0 11.9899448360306 0 4.00959268432963 0 0 10.2928974252719 0 0 0 0 0 2.26422186457664 0 0 0 0 0 0 0 0 0 0 0 0 0 0 0 0 0 0 0 0 0 0 0
0 0 0 0 0 0 0 0 0 0 0 0 0 0 0 0 0 0 0 0 0 0 0 0 0 0 0 0 0 0 4.75899075860281 0 0 0 0 0 0 0 0 0 0 0 0 14.3355266506902 0 9.76560635613158 0 0 0 0 0 0 0 0 0 0 0 0 0 0 0 0 0 0 0 0 0 0 0 0 0 0 0 0 0 0 0 0 0 0
0 0 0 0 0 0 0 0 0 0 0 0 0 0 0 0 0 0 0 0 0 0 0 0 0 0 0 0 0 0 0 0 0 0 0 0 0 0 0 0 0 0 22.2196925219776 0 8.56469925158946 4.26553724406746 0 0 0 0 0 0 0 0 0 0 0 0 0 0 0 0 0 0 0 0 0 0 0 0 0 0 0 0 0 0 0 0 0 0
0 0 0 0 0 0 0 0 0 0 0 0 0 0 0 0 0 0 0 0 0 0 0 0 0 0 0 0 0 0 0 0 0 0 0 0 0 0 0 0 0 0 0 0 10.0670642216601 0 0 12.5846550950712 0 0 0 0 0 0 0 0 0 0 0 0 0 0 0 0 0 0 0 0 0 0 0 0 0 0 0 2.93278468904313 0 0 0 0
0 0 0 0 0 0 0 0 0 0 0 0 0 0 0 0 0 0 0 0 0 0 0 0 0 4.51281107350604 0 0 0 0 0 0 0 0 4.59503241138673 0 0 0 0 0 0 0 14.0979616826493 0 17.3902600144433 0 7.95109605843351 0 0 0 0 0 1.4631763279086 0 0 0 0 0 0 0 0 0 0 5.49666011281283 0 0 0 0 0 0 0 0 0 0 0 0 0 0 0 0
0 0 0 0 0 0 0 0 0 0 0 0 0 0 0 0 0 0 0 0 0 0 0 0 0 0 0 0 0 0 0 0 0 0 0 0 0 0 0 0 0 0 0 0 15.5493626339796 21.7244476768408 0 0 0 0 0 0 0 0 0 0 0 0 0 0 0 0 0 0 0 0 2.66992043997496 0 0 0 0 0 0 0 0 0 0 0 0 0
0 0 0 0 0 0 0 0 0 0 0 0 0 0 0 0 0 0 0 0 0 0 0 0 0 0 0 0 0 0 4.14302670570549 0 0 0 0 0 0 0 0 0 0 0 9.97478870015005 0 0 0 0 0 0 0 0 0 0 0 0 0 0 0 0 0 0 0 0 0 0 0 0 0 0 0 0 0 0 0 0 0 0 0 0 0
0 0 0 0 0 0 0 0 0 0 0 0 0 0 0 0 0 0 0 0 0 0 0 0 0 0 0 0 0 0 0 0 0 0 0 0 0 0 0 0 0 0 0 0 0 0 0 0 0 0 0 0 0 0 0 4.09165470996419 0 0 0 0 0 5.99434838337506 0 23.8659112769652 0 0 0 0 0 0 0 0 0 0 0 0 0 0 0 0
0 0 0 0 0 0 0 0 0 0 0 4.93732607772956 0 0 0 0 0 4.32446834737368 0 0 0 0 0 0 0 0 0 0 0 0 0 0 0 0 0 0 0 0 2.3576173850192 0 0 0 0 0 0 0 0 0 0 0 0 0 0 0 0 0 0 0 0 0 0 7.15896978759797 12.0242191463015 6.73576226115154 0 0 0 0 0 0 0 0 0 0 0 0 0 0 0 0
0 0 0 0 0 0 0 0 0 0 0 0 0 0 9.29250567160691 22.9620768658202 5.96207932984321 6.93844632451157 0 6.70267525371737 0 26.7651107542657 1.69017832730923 0 0 0 0 0 0 0 0 0 0 0 0 0 0 0 0 0 0 0 0 0 0 0 3.16022225468461 0 0 0 0 0 0 5.89834630972399 8.48573545916575 0 0 0 0 0 0 0 0 0 0 0 0 0 0 0 0 0 0 0 0 0 0 0 0 0
0 0 0 0 0 0 0 0 0 0 0 0 0 0 0 0 0 0 0 0 0 0 0 0 0 0 0 0 0 0 0 0 0 0 0 0 0 3.83334053507177 0 0 0 0 0 0 0 0 0 0 0 0 0 0 0 0 0 0 0 0 0 0 0 8.99431642993518 0 27.8859007241933 5.7116969865231 0 20.5717943988014 0 0 0 0 0 0 0 0 0 0 0 0 0
0 0 0 0 4.65755224556745 0 0 0 0 0 0 0 0 0 0 0 0 0 0 0 0 0 0 0 0 0 0 4.65707287415191 0 0 0 0 0 0 0 0 0 0 0 0 0 0 0 0 0 0 0 0 0 0 0 0 0 0 0 0 0 0 0 0 0 14.2118255675561 8.39917903903132 0 0 3.21599336655714 0 0 0 0 0 0 0 0 0 0 0 0 0 0
0 0 0 0 0 0 0 0 0 0 0 0 0 0 0 0 0 0 0 0 0 0 0 0 0 0 0 0 0 0 0 0 0 0 4.07187554293668 0 0 0 0 0 0 0 0 0 0 0 0 0 0 0 0 0 0 0 0 0 0 0 0 0 0 10.8107361206848 8.37306477768348 6.34776609108373 0 4.80551251813441 0 0 0 0 0 0 0 0 0 0 0 0 0 0
0 0 0 4.387531245997 0 0 0 0 0 0 0 0 25.7733738052398 0 7.34461658115793 4.92395976411763 2.88707176325171 4.83073267724096 5.48840278922063 9.14142442920502 0 8.98755466229093 3.70704892104747 5.69811022788208 0 0 0 0 0 0 0 0 0 0 0 0 0 0 0 0 0 0 3.42448777513393 0 0 0 0 0 0 0 0 0 0 0 0 11.2581278811177 0 0 0 0 0 0 0 0 0 0 0 2.07181693835314 0 0 0 0 0 0 0 0 0 0 0 0
0 0 0 0 0 0 0 0 0 0 0 0 0 0 0 0 0 0 0 0 0 0 0 0 5.37743763147719 0 0 0 0 0 0 0 0 0 0 0 0 0 0 0 0 0 0 0 0 0 0 0 0 0 0 0 0 0 0 0 0 0 0 0 9.01415719818138 8.1078217245904 9.76735004744742 2.71802821980624 0 0 0 3.22818651774577 0 0 0 0 0 0 0 0 0 0 0 0
0 0 0 0 0 0 0 0 0 0 0 0 0 0 0 0 0 0 0 0 0 0 0 0 0 0 0 0 0 0 0 0 0 5.26442767435596 0 0 0 0 0 0 0 0 0 0 0 0 0 0 0 0 0 0 0 0 0 0 0 0 0 0 7.85322916312382 0 9.14958249063414 9.45225174106407 0 0 0 0 0 0 0 0 0 0 0 0 0 0 0 0
0 0 0 0 0 0 0 0 0 0 0 0 0 0 0 0 0 0 0 0 0 0 0 0 0 0 0 0 0 0 0 0 0 0 0 0 0 0 0 0 0 0 0 0 13.6338837635957 4.75281122328038 0 0 0 9.39360374410227 0 0 0 0 0 0 0 0 0 0 0 0 0 0 0 0 0 0 0 0 0 2.45778530955677 0 0 0 0 0 0 0 0
0 0 0 0 0 0 0 0 0 0 0 0 0 0 0 0 0 0 0 0 0 0 0 0 0 0 0 0 0 0 0 0 0 0 0 0 0 0 0 0 0 2.43242274343565 0 0 0 0 0 0 0 0 0 0 0 0 0 0 0 0 0 0 7.65938539228962 6.19926787605162 12.2765415210251 0 7.62165021887276 0 24.1815252035356 0 0 0 0 0 0 0 0 0 0 0 0 0
0 0 0 0 0 0 0 0 0 0 0 0 0 0 0 0 0 0 0 0 0 0 0 0 0 0 0 0 0 0 0 0 0 0 0 0 0 0 0 0 0 0 0 11.6660095343887 0 8.98541892886692 6.73489076333249 0 0 12.3592610587615 0 0 0 0 0 0 0 0 0 0 0 0 0 0 0 0 0 0 0 0 0 0 0 0 0 0 0 0 0 0
0 0 0 0 0 0 0 0 0 0 0 0 0 0 2.64085957882696 0 0 0 0 0 0 0 0 0 0 0 0 0 0 0 0 0 0 0 0 0 2.43938308496685 0 0 0 0 0 0 0 0 0 0 0 0 0 0 0 0 0 0 0 0 0 0 0 0 0 7.1725087152408 7.71218714272748 0 6.82024363872812 0 0 1.98603706461461 0 0 0 0 0 0 0 0 0 0 0
0 0 0 0 0 0 0 4.09502894349656 0 0 0 0 0 0 0 0 0 0 0 0 0 0 0 0 0 0 0 0 0 0 0 0 0 0 0 0 0 0 0 0 0 0 0 0 0 0 0 0 0 0 0 0 0 0 0 0 0 0 0 0 0 16.0228856471318 0 7.89937312510607 6.92112262223477 5.09415484155881 0 0 0 0 0 0 0 0 0 0 0 0 0 0
0 0 0 0 0 0 0 0 0 0 0 0 0 0 0 0 0 0 0 0 0 0 0 0 0 0 0 0 0 0 0 0 0 0 0 0 0 0 0 0 0 0 0 0 0 0 0 0 0 0 0 0 0 0 0 0 0 0 0 0 0 9.14956897525096 7.48327118355892 7.68730447364807 0 0 0 0 0 0 0 0 0 0 0 0 0 0 0 0
0 0 0 0 0 0 0 0 0 0 0 0 0 0 0 0 0 0 0 0 0 0 0 0 0 0 0 0 0 0 0 0 0 0 0 0 0 0 0 0 0 0 0 13.2685461790505 5.81410457650612 4.84646231082149 9.71425856401839 0 0 0 0 0 0 0 0 0 0 0 0 0 0 0 0 0 0 0 0 0 0 0 3.47654409112088 0 0 0 0 0 0 0 0 0
0 0 0 0 0 0 0 0 0 0 7.55257183181677 0 0 11.3433344963681 0 0 18.8651427911728 0 10.1934176305833 4.86978529164972 2.439769527028 0 11.4756043541301 0 4.20932318618023 0 0 0 0 0 0 1.5490498905735 0 0 0 0 0 0 0 0 0 0 0 0 0 0 0 0 0 0 0 0 0 0 0 0 4.02802718029365 0 0 0 0 0 0 0 0 0 0 0 0 0 0 0 0 0 0 0 0 0 0 0
0 0 0 0 0 0 0 0 0 0 0 0 0 0 0 0 0 0 0 0 0 0 0 0 0 0 3.93604116761266 0 0 0 0 0 0 0 0 0 0 0 3.50735668861992 0 0 0 0 0 0 0 0 0 0 0 0 0 0 0 0 0 0 0 0 0 11.3356835480585 8.94958757271025 0 0 4.71130327823741 7.76416595354855 0 0 0 0 0 0 0 0 0 0 0 0 0 0
0 0 0 0 0 0 0 0 0 0 0 0 0 0 20.9903587934557 13.2046628577003 0 13.238104395027 0 9.68649233029022 4.93609881251258 5.26886978808417 4.24876557369394 1.67260877371088 0 0 0 0 0 0 0 0 0 0 0 0 0 0 0 0 0 0 0 0 0 0 0 0 0 0 0 0 0 10.6048313805612 0 0 0 0 0 0 0 0 0 0 0 0 0 0 0 0 0 0 0 0 0 0 0 0 0 0
0 0 0 0 0 0 0 0 0 0 0 0 0 0 0 8.80530414214504 9.06553286667189 6.77640908696047 7.02788214390701 3.62592635145155 5.4702809671564 0 4.02465998878435 9.77309248009256 0 0 0 0 0 0 0 0 0.753900415209458 0 0 0 0 3.04610183715564 0 0 0 0 0 0 0 0 0 0 0 0 0 0 0 23.2144870437941 0 0 0 0 0 0 0 0 0 0 0 0 0 0 0 0 0 0 0 0 0 0 0 0 0 0
0 0 0 0 0 0 0 0 0 0 0 0 0 0 0 0 0 0 0 0 0 0 0 0 0 0 0 0 0 0 0 0 0 0 0 0 0 0 3.19392452356024 0 0 0 0 0 0 0 0 0 0 0 0 0 0 0 0 0 0 0 0 0 28.6028046891825 0 0 4.42391132783137 0 10.6399077026284 0 0 0 0 0 0 0 0 0 0 0 0 0 0
0 0 0 0 0 0 0 0 0 0 0 0 0 0 0 0 0 0 0 0 0 0 0 0 0 0 0 0 0 0 3.87531300644139 0 0 0 0 0 0 0 0 0 0 0 0 0 0 0 0 0 0 0 0 0 0 0 0 0 0 0 0 0 0 16.3606285426179 0 12.2254526627879 0 0 0 22.2069959202653 0 0 0 0 0 0 0 0 0 0 0 0
0 0 0 0 0 0 0 0 0 0 0 0 0 0 0 0 0 0 0 0 0 0 0 2.538505333838 0 0 0 0 0 0 0 0 0 0 0 0 0 0 0 0 0 2.9275764313936 0 0 0 0 0 0 0 0 0 0 0 0 0 0 0 0 0 0 0 0 11.1180169889703 10.1645690688002 6.81132733511431 4.387785768712 0 0 0 0 0 0 0 0 1.30758642950305 0 0 0 0 0
0 0 0 0 0 0 0 0 0 0 0 0 0 0 0 0 0 0 0 0 0 0 0 0 0 0 0 0 0 0 0 0 0 0 0 0 0 0 0 0 0 0 0 0 0 0 0 0 0 0 0 0 0 0 0 0 0 0 0 0 0 12.2331673801037 0 0 0 6.26043017361837 0 0 0 0 0 0 0 0 0 0 0 0 0 0
0 0 0 0 0 0 0 0 0 0 0 0 0 0 0 0 0 0 0 0 0 0 0 0 0 0 0 0 0 0 0 0 0 0 0 0 0 0 0 0 0 0 0 0 0 0 0 0 0 0 0 0 0 0 0 0 0 0 0 0 8.65126249839038 0 0 0 7.33635759915012 0 0 0 0 0 0 0 0 0 0 0 0 0 0 0
0 0 0 0 0 0 0 0 0 0 0 0 0 0 0 0 0 0 0 0 0 0 0 0 0 0 0 0 0 0 0 0 0 0 0 0 0 0 0 0 0 0 0 0 0 0 0 0 0 0 0 0 0 0 0 0 0 0 0 0 0 0 13.5761937075452 0 12.4247168539236 4.92280468264294 0 0 0 0 0 0 0 0 0 0 0 0 0 0
0 0 0 0 0 0 0 0 0 0 0 0 0 0 0 0 0 0 0 0 0 0 0 0 0 0 0 0 0 0 0 0 6.22556180724661 0 0 0 0 0 0 0 0 2.81187514258133 0 0 0 0 0 0 0 0 0 0 0 0 0 0 0 0 0 0 0 0 23.6286134733262 10.1137958711959 0 12.7803484878224 0 0 0 0 0 0 0 0 0 0 0 0 0 0
0 0 0 0 0 0 0 0 0 0 0 0 0 0 0 0 0 0 2.90513448938045 0 0 0 0 0 0 0 0 0 0 0 0 0 0 0 0 0 0 0 2.44045715449784 0 0 0 0 0 0 0 0 0 0 0 0 0 0 0 0 0 0 0 0 0 19.0973097375963 0 8.34153624856813 0 11.1970197875467 2.5542487450309 0 0 0 0 0 0 0 0.946404765064578 0 0 0 0 0 0
0 0 0 0 0 0 0 0 0 0 0 0 0 0 11.100188806332 22.8332353923608 7.46679564563139 8.89831616970859 0 10.0137712423663 3.59302598948724 2.26137605270521 4.77832445879523 0 0 0 0 0 0 0 0 0 0 0 2.03690228710273 0 0 0 0 0 0 0 0 0 0 0 0 0 0 0 0 0 0 8.24593447328975 7.23486506590442 0 0 0 0 0 0 0 0 0 0 0 0 0 0 0 0 0 0 0 0 0 0 0 0 0
0 0 0 0 0 0 0 0 0 0 0 0 0 0 0 0 0 4.13186332008565 0 0 0 0 0 0 0 0 0 0 0 0 0 0 0 0 0 0 0 0 0 0 0 0 0 0 0 0 0 0 0 0 0 0 0 0 0 0 0 0 0 0 0 9.53653086595363 0 29.2492021685084 0 0 2.87820943203734 0 0 0 0 0 0 0 0 0 0 0 0 0
0 0 0 0 0 0 0 0 0 3.83328528121851 0 0 0 25.9964329513666 0 23.3471361527037 6.30561637833823 0 3.42612144405415 6.07258415840098 0 7.86193357932958 0 8.65016733055234 0 0 0 0 0 0 0 0 0 0 0 0 0 0 0 0 0 0 0 0 0 0 0 0 0 0 0 0 0 0 0 0 0 0 0 0 0 0 0 5.06329233767891 0 0 0 0 0 0 0 0 0 0 0 0 0 0 0 0
0 0 0 0 0 0 0 0 0 0 0 0 0 0 0 0 0 0 0 0 0 0 0 0 0 0 0 0 0 0 0 0 0 0 0 0 0 0 0 0 0 0 0 0 0 0 0 0 0 0 0 0 0 0 0 0 0 0 0 0 11.5541889329608 0 0 14.2823637388703 0 0 0 0 0 0 0 0 0 0 0 0 0 0 0 0
0 0 0 0 0 0 0 0 0 3.65040032744677 0 0 0 0 0 0 0 0 0 0 0 0 0 0 0 0 0 0 0 0 0 0 0 0 0 0 0 0 0 0 0 0 5.3079133740104 0 5.35339562342221 9.79604712157966 0 0 0 0 0 0 0 0 0 0 0 0 0 0 0 0 0 0 0 0 0 0 0 0 2.83607468876862 0 0 0 0 0 0 0 0 0
