0 0 0 0 0 0 0 0 0 0 0 0 0 9.7051520472274 13.1920635266163 0 9.07783664626427 8.6796823955354 0 17.782797455306 0 0 0 0 0 0 0 0 0 0 0 0 0 0 0 0 0 0 0 0 0 0 0 0 0 0 30.080253368711 0 0 9.72965229830884 6.20885462656719 5.20115570097458 6.91204931855704 0 11.5112918073004 0 0 0 0 0 0 0 0 0 0 0 0 0 0 0 0 3.26094392798097 0 0 0 0 0 0 0 0
0 0 0 0 0 0 0 0 0 0 0 0 12.9075854469296 9.4087879158858 9.10043141196656 6.51396408154732 6.1996429016101 5.05574354309263 19.519627741381 7.11451182080623 0 0 0 0 0 0 0 0 0 0 0 0 0 0 0 0 0 0 0 0 0 0 0 0 0 29.9982632140479 9.31376655210477 0 0 8.72729650459516 8.9480184777299 7.85703547199127 0 0 0 0 0 0 0 0 0 0 0 0 0 0 0 0 0 0 0 0 0 0 0 0 0 0 0 0
0 0 0 0 0 0 0 0 0 0 0 0 0 0 17.9231887756255 23.058717874824 6.7356849266798 18.3916408091596 7.78296479968729 0 0 0 0 0 0 0 0 0 0 0 0 0 0 0 0 0 0 0 0 0 0 0 0 0 0 9.71959651325562 0 9.90897350771694 0 0 30.9480386708107 0 5.32271624318857 0 0 0 0 0 0 0 0 0 0 0 0 0 1.925916663892 0 0 0 0 0 0 0 0 0 0 0 0 0
0 0 0 0 0 0 0 0 0 3.22721096577502 0 0 0 0 0 0 0 0 0 0 0 0 0 0 0 0 0 0 0 0 0 0 0 0 0 0 0 0 0 0 0 12.4572786224232 0 0 0 0 0 0 0 0 0 0 7.45346918071368 0 0 0 0 0 0 0 0 0 0 0 3.30449237254154 0 0 0 0 0 0 0 0 0 0 0 0 0 0 0
0 0 0 0 0 0 0 0 0 0 0 0 0 12.0491154029161 8.54706919027431 10.5187287703389 0 10.1191178058291 5.39590105336878 9.03805397423346 0 0 10.3523627163512 0 0 0 5.43505519902411 0 0 0 0 0 0 0 0 0 0 0 0 0 0 0 0 0 0 0 0 0 0 10.2537126582843 0 14.9255194692317 0 5.96664023433802 0 0 0 0 0 0 0 0 0 0 0 0 0 0 0 0 0 0 0 0 0 0 0 0 0 0
0 0 0 0 0 0 0 0 0 0 0 0 14.300239488489 0 12.9091735527418 0 10.3088263890255 0 8.19597593611672 0 0 0 0 0 11.4773893507243 0 0 0 0 0 0 0 0 0 0 0 0 0 0 0 0 0 0 0 0 10.3342380728559 0 0 14.9879803194287 0 0 10.7141157556587 8.19470679701824 2.9546706704222 0 0 0 0 0 0 0 0 0 0 0 0 0 0 0 0 0 0 0 0 0 0 0 0 0 0
0 0 0 0 0 0 0 0 0 0 0 0 0 11.1640360740031 7.93180563795229 0 16.2607345842389 0 13.0183811852775 0 23.6363715735877 1.50434986168031 0 0 0 0 0 0 0 0 0 0 0 0 0 0 0 0 0 0 0 0 0 0 0 0 11.8430206076215 26.5696453498069 0 9.90255148439359 0 0 5.01357759312459 0 0 0 0 0 0 0 0 0 0 0 0 0 0 0 0 0 0 0 0 0 0 0 0 0 0 0
0 0 0 0 0 0 0 0 0 0 0 0 0 0 7.35624264210087 8.33142911926906 0 16.5566709607601 5.53978093936504 0 7.99356531084128 17.7687395147604 20.8241654489768 0 0 0 0 0 0 0 0 0 0 0 0 0 0 0 0 0 0 0 0 0 0 0 0 0 0 0 0 12.465095067534 0 0 0 0 0 0 0 0 0 0 0 0 0 0 0 0 0 0 0 0 0 0 0 0 0 0 0 0
0 0 0 0 0 0 0 0 0 0 0 0 0 10.6813290105568 10.1200212732129 10.120940942263 7.91034541518022 0 11.3062368927458 9.17774307702667 6.93704529216921 0 0 0 0 0 0 0 0 0 0 0 0 0 0 0 0 0 0 0 0 0 0 0 0 0 6.4071935542983 0 5.79141511016551 0 8.94842016107036 0 14.1368636030011 0 0 0 0 0 0 0 0 0 0 0 0 0 0 0 0 0 0 0 0 0 0 0 0 0 0 0
0 0 0 0 0 0 0 0 0 0 0 0 20.6341076146834 6.56806917757165 0 12.9284186940221 7.41563634273641 0 6.79303441106462 0 0 0 0 25.2990381421111 0 0 0 0 0 0 0 0 0 0 0 0 0 0 0 0 0 0 0 0 0 9.80496251964577 0 0 0 12.8600897728912 0 15.7817272109727 0 0 0 0 0 0 0 0 0 0 0 0 0 0 0 0 0 0 0 0 0 0 0 0 0 0 0 0
0 0 0 0 0 0 0 0 0 0 0 0 0 0 10.4264745780949 0 10.0998140045534 29.3005354109258 0 9.52894172325757 0 9.49958096994432 0 0 0 0 0 0 0 0 0 0 0 0 0 0 0 0 0 0 0 0 0 0 0 0 14.8622829713831 0 0 11.3466423182817 0 15.0779243655911 0 0 0 0 0 0 0 0 0 0 0 0 0 0 0 0 0 0 0 0 0 0 0 0 0 0 0 0
0 0 0 0 0 0 0 0 0 0 0 0 0 8.61425223791521 13.4892341954641 0 0 11.4857181968645 7.21119968939171 5.36829396393413 9.25362988466181 0 0 0 0 0 0 0 0 0 0 0 0 0 0 0 0 0 0 0 0 0 0 0 0 0 12.943077542866 0 0 23.5514567065566 10.8172185029549 0 8.52859626032147 3.40208835570849 0 0 0 0 0 0 0.621163987124238 0 0 0 0 0 0 0 0 0 0 0 0 0 0 0 0 0 0 0
0 0 0 0 0 0 0 0 0 0 0 0 0 27.5590274948124 8.24950645091675 0 0 10.7539091543698 0 8.50684770708101 27.0816782260054 0 0 0 0 0 0 0 0 0 0 0 0 0 0 0 0 0 0 0 0 0 0 0 0 0 12.1251809524367 11.4858852011326 0 0 5.05965737058134 8.80977965604331 9.72134320066473 0 0 0 0 0 0 0 4.19955719127068 0 0 0 0 0 0 0 0 0 0 0 0 0 0 0 0 0 0 0
0 0 0 0 0 0 0 0 0 0 0 0 0 0 0 0 0 0 0 0 0 0 0 0 0 0 0 0 0 0 0 0 0 0 0 0 0 0 0 0 0 0 0 0 0 0 0 0 0 0 3.71547607710091 0 0 0 0 0 0 0 0 0 12.1251483370853 0 31.2197771698238 0 0 5.21963719053387 0 0 0 0 0 0 0 0 0 0 0 0 0 0
0 0 0 0 0 0 0 0 0 0 0 0 8.28059776076538 0 0 13.6759377933583 9.20263855800419 0 6.50369888302113 0 8.75879913378499 17.6984288334364 0 0 0 0 0 0 0 0 0 0 0 0 0 0 0 0 0 0 0 0 0 0 0 0 4.59466512481219 0 0 0 0 9.27328134316511 0 0 0 0 0 0 0 0 0 0 0 0 0 0 0 0 0 0 0 5.63978288153796 0 0 0 0 0 0 0 0
0 0 0 0 0 0 0 0 0 0 0 0 13.3940056102892 0 16.2261905803866 0 28.4965909205523 21.2808774601406 2.46151874129268 2.16672006935423 0 0 0 0 0 0 0 0 0 0 0 0 0 0 0 0 0 0 0 0 0 0 0 0 0 0 0 0 0 10.3266538689221 0 0 17.2444159875447 0 0 0 0 0 0 0 0 0 0 0 0 0 0 0 0 0 0 0 0 0 0 0 0 0 0 0
0 0 0 0 0 0 0 0 0 0 0 0 0 0 0 0 0 0 0 0 0 0 0 0 0 0 5.05729524048358 0 0 0 0 0 0 0 0 0 0 0 0 0 0 0 0 0 0 0 0 0 0 0 4.61293676339058 0 0 0 0 0 0 0 0 0 0 13.078340337192 0 26.7348550672282 6.31332022300757 5.06793093872947 0 0 0 0 0 0 0 0 0 0 0 0 0 0
0 0 0 0 0 0 0 0 0 0 0 0 0 0 27.5974304671934 0 17.012362246784 0 6.61718869935159 9.4215194205802 0 0 23.3225573220571 0 0 0 0 0 0 0 0 0 0 0 0 0 0 0 0 0 0 0 0 0 0 0 0 0 0 0 0 18.2775402823428 0 0 0 0 0 0 0 3.23052898030292 0 0 0 0 0 0 0 0 0 0 0 0 0 0 4.27852939663602 0 0 0 0 0
0 0 0 0 0 0 0 0 0 0 0 0 0 6.90668628745662 0 16.1475824256826 0 16.775485396889 15.1382488277949 0 0 4.60774750012411 3.61942663329793 0 0 0 0 0 0 0 0 0 0 0 0 0 0 0 0 0 0 0 0 0 7.93690797164921 0 10.9073074382958 0 0 0 0 10.6684103462497 0 14.5528262896889 0 4.12327769349949 0 0 0 0 0 0 0 0 0 0 0 0 0 0 0 0 0 0 0 4.16092216955645 0 0 0 0
0 0 0 0 0 0 0 0 0 0 0 0 0 11.1558740611193 8.24352811657701 13.0672660075258 10.2302821622828 0 7.56394806791117 0 5.75606356716611 0 0 0 0 1.85661371358959 0 0 0 0 0 0 0 0 0 0 2.13137149591907 0 0 0 0 0 0 0 0 0 0 10.0584570750601 0 0 0 17.7275326480052 0 0 8.76227157957909 0 0 0 0 0 0 3.14999134518641 0 0 0 0 0 0 0 0 0 0 0 0 0 0 0 0 0 0
0 0 0 0 0 0 0 0 0 0 0 0 11.6882280400102 0 11.6711041603144 0 18.7279005376125 0 11.0964056912871 8.52723969585551 0 0 2.63298150374668 0 0 0 0 0 0 0 0 0 0 0 0 0 0 0 0 0 0 0 0 0 0 0 0 11.8274596261046 0 11.9282785437076 0 17.545103219238 0 2.58259248072744 0 0 0 0 0 0 0 0 0 0 0 0 0 0 0 0 0 0 0 0 0 0 0 0 0 0
0 0 0 0 0 0 0 0 0 0 0 0 0 0 12.1250825300354 0 32.2279075535223 0 25.7235359747718 20.8418505001379 3.2474036799065 0 0 0 0 0 0 0 0 0 0 0 0 3.54540215648665 0 0 0 0 0 0 0 0 0 0 10.0099672419823 0 5.91912705591421 5.9714398019474 0 7.71245327524036 0 0 0 9.97472742250932 0 0 0 0 0 0 0 0 0 0 0 0 0 0 0 0 0 0 0 0 0 0 0 0 0 0
0 0 0 0 0 0 0 0 0 0 0 0 7.54443216652987 22.1286080176007 9.82756808971828 5.43260250292882 0 11.8498915620149 8.39973514443788 0 4.55931157185059 0 4.96239038497741 3.14715354753234 0 0 0 0 0 0 0 0 1.21648185439769 0 0 0 0 0 0 0 0 0 0 0 0 12.7852179489481 0 0 0 0 0 23.3132988664208 0 0 10.6611859227142 8.96708541905934 0 0 0 0 0 0 0 0 0 0 0 0 0 0 0 0 0 0 0 0 0 0 0 0
0 0 0 0 0 0 0 0 0 0 0 0 0 0 30.4693556457316 0 9.9251418446435 5.67272396013816 5.69175576143288 3.24697873352414 0 0 0 0 0 0 0 0 0 0 0 0 0 0 0 0 0 0 0 0 0 0 0 0 11.0328207501867 10.5900989032837 20.2915044492569 0 0 7.08456127296255 6.91364674088879 6.97512998251808 0 2.14341202498635 0 0 0 0 0 0 0 0 0 0 0 0 0 0 0 0 0 0 0 0 0 0 0 0 0 0
0 0 0 0 0 0 0 0 0 0 0 0 0 14.0547330261407 0 12.8099969898143 8.86615989677484 22.9372721419463 2.67258186581914 0 14.3053772543148 0 0 0 0 0 0 0 0 0 0 3.09052450378378 0 0 0 0 0 0 0 0 0 0 0 0 0 0 7.66451698351881 13.789074265471 0 11.8749947190241 6.90036619423888 0 5.85607842328611 3.4692735935445 0 0 0 0 0 0 0 0 0 0 0 0 0 0 0 0 0 0 0 0 0 0 0 0 0 0
0 0 0 0 0 0 0 0 0 0 0 0 0 0 0 0 0 0 0 0 0 0 0 0 0 0 0 0 0 0 0 0 0 0 0 0 0 0 0 0 0 0 0 0 0 0 0 0 0 0 0 0 0 0 0 0 0 0 0 0 0 0 0 0 0 0 0 0 0 0 0 0 0 0 0 0 0 0 0 0
0 0 0 0 0 0 0 0 0 0 5.43304079570713 0 0 0 0 0 0 0 0 0 0 0 0 0 0 0 0 0 0 0 0 0 0 0 5.49411376899897 0 0 0 0 0 0 0 0 0 0 0 0 0 0 0 0 0 0 0 0 0 0 0 0 8.35108729873085 8.24820126812093 13.7875103014264 0 10.3338914889475 0 2.64863663578928 0 0 0 0 0 0 0 0 0 0 0 0 0 0
0 0 0 0 0 0 0 0 0 0 0 0 0 0 0 0 0 0 0 0 0 0 0 0 0 0 0 0 0 0 0 0 0 0 0 0 0 0 0 0 8.5897390143818 0 0 13.6493015424438 0 0 0 0 0 0 0 0 0 0 0 0 0 0 0 0 0 5.35151626245105 0 0 0 0 0 0 0 0 0 0 0 7.10770686918524 0 0 0 0 0 0
0 0 0 0 0 0 0 0 0 0 4.06977373892258 0 0 0 0 0 0 0 0 0 0 0 0 0 0 0 0 0 0 0 0 0 0 5.22777111656122 0 0 0 0 0 0 0 0 0 6.9478795675616 0 0 0 0 0 0 0 0 0 0 0 0 0 0 0 0 0 0 0 5.2599508206825 0 0 0 0 0 0 0 0 0 0 0 0 0 0 0 0
0 0 0 0 0 0 0 0 0 0 0 0 0 0 0 0 0 0 0 0 0 0 0 0 0 0 0 0 0 0 0 0 0 0 0 0 0 0 0 0 0 0 0 0 0 0 0 0 0 0 0 0 0 0 0 0 0 0 6.00795665494149 0 9.69479064265072 14.1980698498106 0 13.7197146361781 0 13.7603873902739 6.62125132413193 0 0 0 0 0 0 0 0 0 0 0 0 0
0 0 0 0 0 0 0 0 0 0 0 0 0 0 0 0 0 0 0 0 0 0 0 0 0 0 0 0 0 0 0 0 0 0 0 0 0 0 0 0 0 12.2688411809884 0 0 0 0 0 0 0 0 0 0 0 0 0 0 0 0 0 0 0 0 0 0 0 0 0 0 0 0 0 0 0 0 0 0 0 0 0 0
0 0 0 0 0 0 0 0 0 0 0 0 0 0 0 0 0 0 0 0 0 0 0 0 0 0 0 0 0 0 0 0 0 0 0 0 0 0 0 0 0 0 0 0 0 0 0 0 0 4.83327672220674 0 0 0 0 0 0 0 0 0 0 0 0 0 0 0 0 0 0 0 0 0 0 0 0 0 0 0 0 0 0
0 0 0 0 0 0 0 0 0 0 0 0 15.2411130867135 11.5822323257981 0 13.7489621861583 0 8.7646577790611 0 15.4674332884584 0 0 0 0 0 0 0 0 0 0 0 0 0 0 0 0 0 0 0 5.69795781190603 0 0 0 0 0 0 0 10.6341806446132 23.1582962759389 0 4.22206478931454 11.0597070906391 3.91553796090975 0 0 0 0 0 0 0 0 0 0 0 0 0 0 0 0 0 0 0 0 0 0 0 0 0 0 0
0 0 0 0 0 0 0 0 0 0 0 0 0 0 0 0 0 0 0 0 0 0 0 0 0 0 0 0 0 0 0 0 0 0 0 0 0 0 0 0 0 7.49369092084061 0 0 0 0 0 0 0 0 0 0 0 0 0 0 0 0 0 0 0 0 0 0 0 0 0 0 0 0 0 0 0 0 0 0 0 0 0 0
0 0 0 0 0 0 0 0 0 0 0 0 0 0 0 0 0 0 0 0 0 0 0 0 0 0 0 0 0 0 0 0 0 0 0 0 0 0 0 0 0 0 0 0 0 0 0 0 0 0 0 0 0 0 0 0 0 0 0 0 0 0 0 0 6.32797920358439 0 0 0 0 0 0 0 0 0 0 0 0 0 0 0
0 0 0 0 0 0 0 0 0 0 0 0 0 0 4.37469661504933 0 0 0 0 0 0 0 0 0 0 0 5.56210739957377 0 0 0 0 0 0 3.88712948668376 0 0 0 0 0 0 0 0 0 0 0 0 0 0 0 0 0 0 0 0 0 0 0 0 0 0 0 0 0 0 0 0 0 0 0 0 0 0 0 0 0 0 0 0 0 0
0 0 0 0 0 0 0 0 3.69898308948721 0 0 0 0 0 0 0 0 3.73603658031734 0 0 0 0 0 0 0 0 0 0 0 0 0 0 0 0 0 0 0 0 0 0 0 14.2419560508168 0 0 0 0 0 0 0 0 0 0 0 4.68010302540162 0 0 0 0 0 0 0 0 0 0 0 0 3.69866304392583 0 0 0 0 0 0 0 0 0 0 0 0 0
0 0 0 0 0 0 0 0 0 0 0 0 0 0 0 0 0 0 0 0 0 0 0 0 0 0 0 0 0 0 0 0 0 0 0 0 0 0 0 0 0 11.7483808994968 0 0 0 0 0 0 0 0 0 0 0 0 0 0 0 0 0 0 0 0 0 0 0 0 0 0 0 0 0 0 0 0 0 0 0 0 0 0
0 0 0 0 0 0 0 0 0 0 0 0 0 0 0 0 0 0 0 0 0 0 0 0 0 0 0 0 0 0 0 0 0 0 0 0 0 0 0 0 0 0 0 0 0 0 0 0 0 0 0 0 0 0 0 0 0 0 0 0 0 0 0 0 0 0 0 0 0 0 0 0 0 0 0 0 0 0 0 0
0 0 0 0 0 0 0 0 0 0 0 0 0 0 0 0 3.68326801057916 0 0 0 0 0 0 0 0 0 0 0 0 0 0 0 0 0 0 0 0 0 0 0 0 0 0 0 0 0 0 0 0 0 0 0 0 0 0 0 0 0 0 0 0 0 0 0 0 0 0 0 0 0 0 0 0 0 0 0 0 0 0 0
0 0 0 0 0 0 0 0 0 0 0 0 9.7874933365518 8.00575786018456 14.0904692559483 0 11.7807892389824 19.8663889646294 7.08247976687407 4.96778249527371 0 2.80097919136371 0 20.3485432655325 0.776328662754864 0 0 0 0 0 0 2.87564001951507 0 0 0 0 0 0 0 0 0 0 0 0 0 0 0 13.1342782355753 0 0 0 15.760186382177 6.24005695962552 0 0 0 9.93048115963396 0 0 0 0 0 0 0 0 0 0 0 0 0 0 0 0 0 0 0 0 0 0 0
0 0 0 0 0 0 0 0 0 0 0 0 0 0 0 0 0 0 0 0 0 0 0 0 0 0 0 0 0 0 0 0 0 0 0 0 3.61156351784692 0 0 0 0 0 0 0 0 0 0 0 0 0 0 0 0 0 0 0 0 0 0 20.8300233209497 0 26.994392441199 0 10.9029401140816 4.18758931188314 6.29968543848772 0 0 0 0 0 0 0 0 0 0 0 0 0 0
0 0 0 0 0 0 0 0 0 0 3.97851545569934 0 0 0 0 0 0 0 0 0 0 0 0 0 0 0 0 0 0 0 0 0 0 0 0 0 0 0 4.79170360061562 0 0 26.0031833000805 0 0 0 0 0 0 0 0 0 0 0 0 0 0 0 0 0 0 0 0 0 0 0 0 0 0 0 0 0 0 0 0 0 0 0 0 0 0
0 0 0 0 0 0 0 0 0 0 0 0 0 0 0 0 0 0 0 0 0 0 0 0 0 0 0 0 0 0 0 0 0 0 0 0 0 0 0 0 0 0 0 0 0 0 0 0 0 0 0 0 0 0 5.75931042327815 0 0 0 0 0 0 0 0 0 0 4.82719011083097 0 0 0 0 0 0 0 0 0 0 0 0 0 0
0 0 0 0 0 0 0 0 0 0 0 0 0 0 0 0 0 3.82312755016628 0 0 0 0 0 0 0 0 0 0 0 0 0 0 0 0 0 0 0 0 0 0 0 0 0 0 0 0 0 0 6.31489451648335 0 0 22.4377090366847 0 0 0 0 0 0 0 0 0 0 0 0 0 0 4.41048907824484 0 0 0 0 0 0 0 0 0 0 0 0 0
0 0 0 0 0 0 0 0 0 0 0 0 0 0 0 32.3155022685947 0 13.565928164425 0 21.1983277745579 5.7218204966201 4.09968048851901 0 0 0 0 0 0 0 0 0 0 0 0 0 0 0 0 0 0 0 0 0 7.39299901153927 0 8.77831219324972 0 0 0 14.9471519663385 0 14.044661768282 0 0 0 0 0 0 0 0 0 0 0 0 0 0 0 0 0 0 0 0 0 0 0 0 0 0 0 0
0 0 0 0 0 0 0 0 0 0 0 0 0 0 0 0 0 0 0 0 0 0 0 0 0 0 0 0 0 0 0 0 0 0 0 4.43581469269938 0 0 0 0 0 0 0 0 0 0 0 0 0 0 0 0 0 0 0 0 0 24.0791196984003 0 6.67868592057962 10.5389316347841 0 0 10.4739190357868 15.9346383781494 0 4.74935531620456 0 0 0 0 0 0 0 0 0 0 0 0 0
0 0 0 0 0 0 0 0 0 0 0 0 0 24.4701100262404 22.0574634657739 0 8.04024061544408 0 10.893741314861 0 13.7376727260664 0 0 0 0 0 0 0 0 0 0 0 0 0 0 0 0 0 0 0 0 0 0 0 0 10.8728994722645 0 0 0 0 11.6292788874902 0 32.3217009487862 0 0 0 0 2.13298319072693 0 0 0 0 0 0 0 0 0 0 0 0 0 0 0 0 0 0 0 0 0 0
0 0 0 0 0 0 0 0 0 0 0 0 13.5229822145507 0 28.943458722444 0 12.3571967639197 0 14.3181156174707 0 24.9221696688467 0 0 0 0 0 0 0 0 0 0 0 0 0 0 0 0 0 0 0 0 0 0 0 0 0 11.041666687473 11.6851572738335 0 0 5.58376519188152 0 0 2.54530514424656 0 0 0 0 0 0 0 0 0 0 0 0 0 0 0 0 0 0 0 0 0 0 0 0 0 0
0 0 0 0 0 0 0 0 0 0 0 0 0 0 0 0 0 0 0 0 0 0 0 0 0 0 0 0 0 0 0 0 0 0 0 0 0 0 0 7.97131034061642 0 0 0 0 0 0 0 0 0 4.0983030940811 0 0 0 0 0 0 0 0 0 0 0 0 0 0 0 0 0 0 0 0 0 0 0 0 0 0 0 0 0 0
0 0 0 0 0 0 0 0 0 0 0 0 0 0 0 0 0 0 0 0 0 0 0 0 0 0 0 0 0 0 0 0 0 0 0 0 0 0 0 0 10.1190600905374 0 0 10.7863167218221 0 0 0 0 0 0 0 0 0 0 0 0 0 0 0 0 0 0 4.4684100878908 0 0 0 0 0 0 0 0 0 0 0 0 0 0 0 0 0
0 0 0 0 0 0 0 0 0 0 0 0 0 0 0 0 0 0 0 5.5530450988825 0 0 0 0 0 0 0 0 0 0 0 0 0 0 0 0 0 0 0 0 9.78589343860869 0 0 0 0 0 0 0 0 0 0 0 9.20605670612891 0 0 0 0 0 0 0 0 0 0 0 0 0 0 0 0 0 0 0 0 0 0 0 0 0 0 0
0 0 0 0 0 0 0 0 0 0 0 0 0 0 0 0 0 0 0 0 0 0 0 0 0 0 0 0 0 0 0 0 0 0 0 0 0 0 0 0 0 0 0 0 0 0 0 0 0 0 0 0 0 0 0 0 0 0 0 0 0 0 0 0 0 4.55252296587243 0 0 0 0 0 0 0 0 0 0 0 0 0 0
0 0 0 0 0 0 0 0 0 0 0 0 0 0 0 0 0 0 0 0 0 0 0 0 0 0 0 0 0 0 0 0 0 0 0 0 0 0 0 0 0 0 0 0 0 0 0 0 0 0 0 0 4.5919615153017 0 0 0 0 0 0 0 0 0 0 0 0 0 0 0 0 0 0 0 0 0 0 0 0 0 0 0
0 0 0 0 0 0 0 0 0 0 0 0 0 0 0 0 0 0 0 0 0 0 0 0 0 0 0 0 0 0 0 0 0 0 0 0 0 0 0 0 0 3.97409083649547 0 0 0 0 0 0 0 0 0 0 0 0 0 0 0 0 0 0 0 0 0 0 0 0 0 0 0 0 0 0 0 0 0 0 0 0 0 0
0 0 0 0 0 0 0 0 0 0 0 0 0 0 0 0 0 0 0 0 0 0 0 0 0 0 0 0 0 0 0 0 0 0 0 0 0 0 0 0 9.07635071561876 0 0 0 0 0 0 0 0 0 0 0 0 0 0 0 0 0 0 0 0 6.50427274384411 0 0 0 0 0 0 0 0 0 0 0 0 0 0 0 0 0 0
0 0 0 0 0 0 0 0 0 0 4.8106827601098 0 0 0 0 0 0 0 0 0 0 0 0 0 0 0 0 0 0 0 0 0 0 0 0 0 0 0 0 0 0 0 8.79563117029873 0 0 0 0 0 0 0 0 5.33945310413604 0 0 0 0 0 0 0 0 0 0 0 0 0 0 4.10572938761075 0 0 0 0 0 0 0 0 0 0 0 0 0
0 0 0 0 0 0 0 0 0 0 0 0 4.13154524656438 0 0 0 0 0 0 0 0 0 0 0 0 0 0 0 0 0 0 0 0 0 0 0 0 0 0 0 0 6.95377851596634 0 0 0 0 0 0 0 0 0 0 0 0 0 0 0 0 0 0 0 0 0 0 0 0 0 0 0 0 0 0 0 0 0 0 0 0 0 0
0 0 0 0 0 0 0 0 0 0 0 0 0 0 0 0 0 4.02064947744473 0 0 0 0 0 0 0 0 0 0 0 0 0 0 0 0 0 0 0 0 0 0 0 0 0 0 0 0 0 0 4.12776120068548 0 0 0 0 0 0 0 0 0 8.41816601093226 6.45413533751424 0 0 32.5039035962388 0 8.75282749947035 0 5.6541677742111 0 0 0 0 0 0 0 0 0 0 0 0 0
0 0 0 0 0 0 0 0 0 0 0 0 0 0 0 0 0 0 0 0 0 0 0 0 0 0 0 0 0 0 0 0 0 0 0 0 0 0 0 0 0 0 0 0 0 0 0 0 0 0 0 0 0 0 0 0 0 0 10.2692927741745 0 0 11.975813189976 0 13.6233879443576 0 10.3504830735634 0 9.1776795697141 0 0 0 0 0 0 0 0 0 0 0 0
0 0 0 0 0 0 4.91628757547265 0 0 0 0 0 0 0 0 0 0 0 0 0 0 0 0 0 0 0 0 0 0 0 0 0 0 0 0 0 0 0 0 0 0 0 0 0 0 0 0 0 0 0 0 0 8.16593746342768 0 0 0 0 0 0 0 0 0 0 0 0 0 0 0 0 0 0 0 0 0 0 0 0 0 0 0
0 0 0 0 0 0 0 0 0 0 0 0 0 0 0 0 0 0 0 0 0 0 0 0 0 0 0 0 0 0 0 0 0 0 0 0 0 0 0 0 0 0 0 0 0 0 0 0 0 0 0 0 0 21.8767248438417 0 0 0 0 0 0 0 0 0 0 0 0 0 0 0 0 0 0 4.82883803756784 0 0 0 0 0 0 0
0 0 0 0 0 0 0 0 0 0 0 0 0 0 0 0 0 0 0 0 0 0 0 0 0 0 0 0 0 0 0 0 0 0 0 0 0 0 0 11.3008503795588 0 0 0 0 0 0 0 0 0 0 0 0 10.6604644036544 0 0 0 0 0 0 0 0 0 0 0 0 0 0 0 0 0 0 0 0 0 0 0 0 0 0 0
0 0 0 0 0 0 0 0 0 0 0 0 0 0 0 0 0 0 0 0 0 0 0 0 0 0 0 0 0 0 0 0 0 0 0 0 0 0 0 0 0 5.09304592612283 0 0 0 0 0 0 0 0 0 0 0 0 0 0 0 0 0 0 0 0 0 0 0 0 0 0 0 0 0 0 0 0 0 0 0 0 0 0
0 0 0 0 0 0 0 0 0 0 0 0 0 0 0 0 0 0 0 0 0 0 0 0 0 0 0 0 0 0 0 0 0 0 0 0 0 0 0 0 24.1593549882949 0 0 0 0 0 0 0 0 0 0 0 0 0 0 0 0 0 0 0 0 0 0 0 0 0 0 0 0 0 0 0 0 0 0 0 0 0 0 0
0 0 0 0 0 0 0 0 0 0 0 0 0 0 0 0 0 0 0 0 0 0 0 0 0 0 0 0 0 0 0 0 0 0 0 0 0 0 0 0 0 0 0 0 0 0 0 0 4.35829313548188 0 0 0 7.10671814186333 0 0 0 0 0 0 0 0 0 0 0 0 0 0 0 0 0 0 0 0 0 0 0 0 0 0 0
0 0 0 0 0 0 0 0 0 0 0 0 0 0 0 0 0 0 4.44854989547148 0 0 0 0 0 0 0 0 0 0 0 0 0 0 0 0 0 0 0 0 0 0 0 0 0 0 0 0 0 0 0 0 0 8.80095201077818 0 0 0 0 0 0 0 0 0 0 0 0 0 0 0 0 0 0 0 0 0 0 0 0 0 0 0
0 0 0 0 0 0 0 0 0 0 0 0 0 0 0 0 0 0 0 0 0 0 0 0 0 0 0 0 0 0 0 0 0 0 0 0 5.00007117651831 0 0 0 0 0 4.15307839580437 0 0 0 0 0 0 0 0 0 0 0 0 0 0 0 13.5102277331361 0 23.6812197751738 9.46738188157435 0 24.3124991816065 20.0499699248618 8.04810907259055 0 2.96076220065019 0 0 0 0 0 0 0 0 0 0 0 0
0 0 0 0 0 0 0 0 0 0 0 0 0 0 0 0 0 0 0 0 0 4.90336578583984 0 0 0 0 0 0 0 0 0 0 0 0 0 0 0 0 0 0 0 0 0 0 0 0 0 0 0 0 0 0 0 0 0 0 0 0 0 0 10.5771283796919 26.6909394392913 6.18554219967223 9.22155794508986 0 10.404948626449 0 0 0 0 0 0 0 0 0 0 0 3.49330541171976 0 0
0 0 0 0 0 0 0 0 0 0 0 0 0 0 0 18.0809991215683 0 27.2524436373389 16.684420455739 5.37866415210475 4.54849748902605 3.63695937528726 0 0 0 0 0 0 0 0 0 0 0 0 0 0 0 0 0 0 0 0 0 9.24872138974807 0 0 0 0 0 0 0 11.093101249314 0 6.2046685985583 0 0 0 0 0 0 0 0 0 0 0 0 0 0 0 0 0 0 0 0 0 0 0 0 0 0
0 0 0 0 0 0 0 0 0 0 0 0 4.42195076685401 0 0 0 0 0 0 0 0 0 0 0 0 0 4.74297182790433 0 0 0 0 0 0 4.40832462282651 0 0 0 0 0 0 0 0 0 0 0 0 0 0 0 0 0 0 0 0 0 0 0 0 12.4523814143395 10.4525793462458 5.60389864408197 0 22.5608449136941 4.06823383273033 0 15.2230104223731 0 0 0 0 0 0 0 0 0 0 0 0 0 0
0 0 0 0 0 0 0 0 0 0 3.70666580657334 0 0 0 0 0 7.11659552512969 0 0 0 0 0 0 0 0 0 0 0 0 0 0 0 0 4.54081389947543 0 0 0 0 0 0 0 0 0 0 0 0 0 0 0 0 0 0 0 0 0 0 0 0 0 0 20.7069532740832 0 0 15.8413204337864 0 5.79253341729438 11.1162311819005 0 0 0 0 0 0 0 0 0 0 0 0 0
0 0 0 0 0 0 0 0 0 0 0 0 0 0 0 0 0 0 0 0 0 0 0 0 0 0 0 0 0 0 0 0 0 0 0 0 0 0 0 0 0 0 0 0 0 0 0 0 0 0 0 0 0 0 0 0 0 12.570531501203 0 6.1462234678759 0 8.19703376279273 0 8.2527178252928 0 9.80334800189993 0 10.552405604307 0 0 0 0 0 0 0 0 0 0 0 0
0 0 0 0 0 0 0 0 0 0 0 0 0 0 0 14.1208365723995 14.643631252837 0 7.70282422206915 0 10.8115941482898 0 0 0 0 0 0 0 0 0 0 0 0 0 0 0 0 0 0 0 0 0 0 0 0 0 6.4796973756018 0 0 0 19.7913255932052 0 0 0 0 0 0 0 0 0 0 0 0 0 0 0 0 0 0 0 0 0 0 0 0 0 0 0 0 0
0 0 0 0 0 0 0 0 0 0 0 0 0 0 0 0 0 0 0 0 0 0 0 0 0 0 0 0 0 0 0 0 0 0 0 0 0 0 0 0 0 0 0 0 0 0 0 0 0 0 0 0 0 0 0 0 0 0 0 0 0 0 26.1259204640825 10.6679658497163 0 12.8138237857407 3.82877601938052 0 0 0 0 0 0 0 0 0 0 0 0 0
0 0 0 0 0 0 0 0 0 0 0 0 0 0 0 0 0 0 0 0 0 0 0 0 0 0 0 0 0 0 0 0 0 0 0 0 0 0 0 0 0 0 0 0 0 0 0 0 3.96725622255166 0 0 0 0 0 0 0 0 6.92096610365164 0 0 0 9.1304427119391 9.16432606707829 0 18.3438997025396 0 11.7802194591245 21.7079802247459 0 0 0 0 0 0 0 0 0 0 0 0
0 0 0 0 0 0 0 0 0 0 0 0 0 0 0 0 0 0 0 0 0 0 0 0 0 0 0 3.27945904474122 0 0 0 0 0 0 0 0 0 0 0 0 0 0 10.6516534060339 0 0 0 0 0 0 0 0 0 0 0 0 0 0 0 0 0 0 0 0 0 3.09946570488116 0 0 0 0 0 0 0 0 0 0 0 0 0 0 0
0 0 0 0 0 0 0 0 0 0 0 0 0 0 0 0 0 0 0 0 0 0 0 0 0 0 0 0 0 0 0 0 0 0 0 0 0 0 0 0 0 0 0 0 0 0 0 0 0 0 0 0 0 0 0 0 0 0 0 0 0 21.8038723411774 0 12.3713949577517 0 16.9392762615519 0 0 0 0 0 2.73271171482586 0 0 0 0 0 0 0 0
0 0 0 0 0 0 0 0 0 0 0 0 0 0 0 0 0 0 0 0 0 0 0 0 0 0 0 0 0 0 0 0 0 0 0 0 0 0 0 0 0 0 0 0 0 0 0 0 0 0 0 0 0 0 0 0 0 0 0 0 0 0 0 0 0 0 0 0 3.44866415207578 0 0 0 0 0 0 0 0 0 0 0
0 0 0 0 0 0 0 0 0 0 0 0 0 0 0 0 0 0 0 0 0 0 0 0 0 0 0 0 0 0 0 0 0 0 0 4.55873480093322 0 0 0 0 0 0 0 0 0 0 0 0 0 0 0 0 0 0 0 0 0 0 11.2623316173013 0 0 16.818424130724 0 11.0453951153173 10.8946425326927 0 9.04859297055603 0 0 0 0 0 0 0 0 2.35210363908485 0 0 0 0
0 0 0 0 0 0 0 0 0 0 0 0 0 0 0 0 0 0 0 0 0 0 0 0 4.67124940739238 0 0 0 0 0 0 0 0 0 0 0 0 0 0 0 0 0 0 0 0 0 0 0 0 0 0 0 0 0 0 0 0 0 0 9.34257752577546 0 0 0 0 23.1556608987132 6.84544271982294 0 0 0 0 0 0 0 0 0 0 0 0 0 0
0 0 0 0 0 0 0 0 0 0 0 0 0 0 0 0 0 0 0 0 0 0 0 0 0 0 0 0 0 0 0 0 0 0 0 0 0 0 0 0 0 0 0 0 0 0 0 6.4561229910179 0 0 0 0 0 0 0 0 0 0 0 0 11.4112085541762 0 8.27011757947635 8.22478023284913 9.30377963262142 0 10.8596766594975 0 0 0 0 0 0 0 0 0 0 0 0 0
0 0 0 0 0 0 0 0 0 0 0 0 0 0 0 0 0 0 0 0 0 0 0 0 0 0 0 0 0 0 0 0 0 0 0 0 0 0 0 0 0 0 0 0 0 0 0 0 0 0 0 0 0 0 0 0 0 0 0 0 0 0 0 0 0 0 0 0 0 0 0 0 0 0 0 0 0 0 0 0
0 0 0 0 0 0 0 0 0 0 0 0 10.7367137143603 0 9.61944419683726 10.4258913699229 0 12.2799808986258 0 12.7790165166507 0 7.07621965459914 0 0 0 0 0 0 0 0 0 0 0 0 0 0 0 0 0 0 0 0 0 0 0 7.39201645255755 27.1830010311437 0 0 10.0931072009223 0 7.502298012077 0 2.95909103507216 0 0 0 0 0 0 0 0 0 0 0 0 0 0 0 0 0 0 0 0 0 0 0 0 0 0
0 0 0 0 0 0 0 0 0 0 0 0 0 0 0 0 0 0 0 0 0 0 0 0 0 0 0 0 0 0 0 0 0 0 0 0 0 0 0 0 0 0 0 0 0 0 4.40847343018822 0 0 0 0 0 0 0 0 0 0 5.05815942444494 0 0 12.820318818631 0 13.498050186104 6.46790976918912 0 6.42697363954095 0 0 0 0 0 0 0 0 0 0 0 4.45319536706417 0 0
0 0 0 0 0 0 0 0 0 0 0 0 13.6114396776785 0 17.5201682701861 0 12.5870034623241 13.5603062793808 0 9.37429167090941 0 0 5.59513785523197 0 0 0 0 0 0 0 0 0 0 0 0 0 0 0 0 0 0 0 0 0 8.90960693171215 0 7.72704940776368 13.802486989331 0 0 23.1425979188913 9.93891650523457 0 0 0 0 0 0 0 0 0 0 0 0 0 0 0 0 0 0 0 0 0 0 0 0 0 4.02036087106476 0 0
0 0 0 0 0 0 0 0 0 0 0 0 7.91336546758161 0 15.5086576881117 0 15.7394711244954 0 12.8554225609501 0 8.7076035386234 0 0 0 0 0 0 0 0 0 0 0 0 0 0 0 0 0 0 0 0 0 0 0 0 11.2368541547633 6.12751080270246 0 0 0 0 9.01968548131436 6.25352321750052 0 0 0 0 0 0 0 0 0 0 0 0 0 0 0 0 0 0 0 0 0 0 0 0 0 0 0
0 0 0 0 0 0 0 0 0 0 0 0 0 0 0 0 0 0 0 0 0 0 0 0 0 0 0 0 0 4.84352438471536 0 0 0 0 0 0 0 0 3.36220265697367 0 0 0 0 0 0 0 0 0 0 0 0 0 0 0 0 0 0 10.1057905172911 0 0 0 0 0 26.4571827276918 0 11.3530218718904 9.61296780133023 0 0 0 0 0 0 0 0 0 0 0 0 0
0 0 0 0 0 0 0 0 0 0 0 0 0 0 0 0 0 0 0 0 0 0 0 0 0 0 0 0 0 0 0 0 0 0 0 0 0 0 0 0 0 0 0 0 0 0 0 0 0 0 0 0 0 0 0 0 0 8.93117918284798 25.2657970051208 8.32792579845244 16.3760942692017 5.58552253304087 0 7.34582935540151 0 14.6144130127483 0 0 0 0 0 0 0 0 0 0 0 0 0 0
0 0 0 0 0 0 0 0 0 0 0 0 0 0 0 0 0 0 0 0 0 0 0 0 0 0 0 0 0 0 0 0 0 0 0 0 0 0 0 0 0 0 0 0 0 0 0 0 0 0 0 0 0 0 0 0 0 0 0 0 15.4075673742897 0 15.9747352732324 8.91733720207974 0 8.86902271689836 3.40584418960494 0 0 0 0 0 0 0 0 0 0 0 0 0
0 0 0 0 0 0 0 0 0 0 0 0 0 0 0 0 0 0 0 0 0 0 0 0 0 0 0 0 0 0 0 0 0 0 0 0 0 3.11372858341582 0 0 0 0 0 0 0 0 0 0 0 0 0 0 0 0 0 0 0 0 0 10.6292471834194 0 8.55833314412695 28.5718806816898 0 14.0714580002097 0 23.7180089986302 0 0 0 0 0 0 0 0 0 0 0 0 0
0 0 0 0 0 0 3.76974681755919 0 0 0 0 0 0 0 0 0 0 0 0 0 0 0 0 0 0 0 0 0 0 0 0 0 0 0 0 0 0 0 0 0 0 0 0 0 0 0 0 0 0 0 0 0 0 0 0 0 0 4.03057350129298 0 0 0 10.5437193141774 11.0612286881262 0 17.9075828301543 4.55824722686168 0 0 0 0 0 0 0 0 0 0 0 0 0 0
0 0 0 0 0 0 0 0 0 0 0 0 0 0 0 0 0 0 0 0 0 0 0 0 0 0 0 0 0 0 0 0 0 0 0 0 0 0 0 0 0 0 0 0 0 0 0 0 0 0 0 0 0 0 0 0 0 0 0 0 0 15.5746457753737 0 0 11.3107105819237 8.90033789204121 7.39418473057205 5.90615115653627 0 0 0 0 0 0 0 0 0 0 0 0
0 0 0 0 0 0 0 0 0 0 0 0 0 0 0 0 0 0 0 0 0 0 0 0 0 0 0 0 0 0 0 0 0 0 0 0 4.40837200528489 0 0 0 0 0 0 0 0 0 0 0 0 0 0 0 0 0 0 0 0 0 0 0 9.67197029050424 0 24.8676481358387 0 23.0241935884437 12.3870635283191 0 0 0 0 0 0 0 0 0 0 0 0 0 0
0 0 0 0 6.56389834815631 0 0 0 0 0 0 0 0 0 0 0 0 0 0 0 0 0 0 0 0 0 0 0 0 0 0 0 0 0 0 0 0 0 0 0 0 0 0 0 0 0 0 0 0 0 0 0 0 0 0 0 0 0 0 0 0 8.77784311742744 8.20597715982303 11.7185961218319 6.76249440585444 19.1047602371094 0 0 0 0 0 0 0 0 0 0 0 0 0 0
0 0 0 0 0 0 0 0 0 0 0 0 22.960814788645 8.33988274744516 6.14372393189071 0 14.3529006913867 8.68419476757857 0 7.15769682943383 0 27.3720605164924 0 0 0 0 0 0 0 0 0 0 0 0 0 0 0 0 0 0 0 0 0 0 0 13.3633274359665 7.63454008537497 0 0 0 25.2964441885524 14.7309239473125 0 9.3087199877046 0 0 0 0 0 0 0 0 0 0 0 0 0 0 0 0 0 0 0 0 0 0 0 0 0 0
0 0 0 0 0 0 0 0 0 0 0 0 0 0 0 0 0 0 0 0 0 0 0 0 0 0 0 0 0 0 0 0 0 0 0 0 0 0 0 0 0 0 0 0 0 0 0 0 0 0 0 0 0 0 0 0 0 0 0 0 12.6952434500532 8.99209544557757 8.20412587912737 10.6500768304716 0 28.6415355629021 0 9.10246514808875 0 0 0 0 0 0 0 0 0 0 0 0
0 0 0 0 0 0 0 0 0 0 0 0 0 13.1741100611162 0 10.5328164148602 0 15.2869408642661 6.00402841825403 19.5333270056971 1.79590255675566 0 5.54274195704588 0 0 0 0 0 0 0 0 0 0 0 0 0 0 0 0 0 0 0 0 0 0 0 8.08550854818688 8.35319861318993 0 0 10.5250856951756 13.1828169987055 0 11.1892427625165 0 0 0 0 0 0 0 0 0 0 0 0 0 0 0 0 0 0 0 0 0 0 0 0 0 0
0 0 0 0 0 0 0 0 0 0 0 0 0 0 0 0 0 0 0 0 0 0 0 0 0 0 0 0 0 0 0 0 0 0 0 0 0 0 0 0 0 0 0 0 0 0 0 0 0 0 0 0 0 0 0 0 0 0 0 15.4162173060012 9.54164523949687 0 0 11.7506929706998 7.64274251836661 8.06436233531224 0 0 0 0 0 0 1.43312292074947 0 0 0 0 0 0 0
0 0 0 0 0 0 0 0 0 0 0 0 0 0 0 0 0 0 0 0 0 0 0 0 0 0 0 0 0 0 0 0 0 0 0 0 0 0 0 0 0 5.68535903017403 0 0 0 0 0 0 0 0 0 0 0 0 0 0 0 0 0 0 0 0 0 0 0 0 0 0 0 0 0 0 0 0 0 0 0 0 0 0
