0 0 0 0 0 0 0 0 0 0 0 0 11.7247424953633 8.50260907070578 0 9.80001458434907 7.02746371806375 7.68629342990514 0 9.37978181075192 8.80721266352654 10.7457920671273 0 0 0 0 0 0 0 0 0 0 0 0 0 0 0 0 0 0 0 0 0 0 0 0 18.2852163767756 0 0 0 0 7.79384166827952 0 0 2.75111707996739 0 0 0 0 0 0 0 0 0 0 0 0 0 0 0 0 0 0 0 0 0 0 0 0 0
0 0 0 0 0 0 0 0 0 0 0 14.9929969397198 0 11.1269986188988 9.10480175869042 21.648141521439 22.9395104351093 0 21.2660481898318 7.41803517501752 0 7.82373503637673 0 0 0 0 0 0 0 0 0 0 0 0 1.38486897419397 0 0 0 0 0 0 0 0 0 3.92116990585487 0 0 20.6114669379221 13.3997570633311 0 10.6082669369585 0 0 0 9.97161195153073 0 0 0 0 0 0 0 0 1.39433412120162 0 0 0 0 0 0 0 0 0 0 0 0 0 0 0 0
0 0 0 0 0 0 0 0 0 0 0 9.88198417398151 10.8820949784469 0 12.1115033038809 0 15.2841061388062 0 8.73022182680015 0 20.8972336436536 0 0.867332477054902 0 0 0 0 0 0 0 0 1.33838596528568 0 0 0 0 0 0 0 0 0 0 0 0 0 0 0 14.8436294704605 0 0 0 0 0 4.83124230803004 0 0 0 0 0 0 0 0 0 0 0 0 0 0 0 0 0 0 0 0 0 0 0 0 0 0
0 0 0 0 0 0 0 0 0 0 0 0 0 0 0 0 0 0 0 0 0 0 0 0 0 0 0 0 0 0 0 0 3.77464498002362 0 0 0 0 0 0 0 0 26.8058678448555 0 9.52726928461905 0 0 8.95234729821743 22.8112465747123 0 0 0 5.76712674115954 0 0 0 0 0 0 0 0 0 0 0 0 0 0 0 0 0 0 0 0 0 0 0 0 0 0 0 0
0 0 0 0 0 0 0 0 0 0 0 0 25.6292405961363 6.63262456323786 10.1411918927807 0 9.13808931454803 23.3551952658035 6.56174628405209 0 6.52510627603698 2.08244648809159 3.70091549072352 0 0 0 0 0 0 0 0 0 0 0 0 0 0 0 0 0 0 0 0 0 0 0 19.1926973859448 0 30.4831202211886 3.92207322978496 0 8.11479985465317 4.47802807288583 0 14.0710450420781 0 0 0 0 0 0 0 0 0 0 0 0 0 0 0 0 0 0 0 0 0 0 0 0 0
0 0 0 0 0 0 0 0 0 0 0 7.25312486466427 10.7807107945704 0 0 18.450559659107 0 10.4641912825271 6.97265350457602 7.09916193433837 0 9.88437651154877 0 0 0 0 0 0 0 0 0 0 0 1.92688851696305 0 0 0 0 0 0 0 0 0 0 0 0 0 10.8352044309138 11.1406683166398 0 26.0218930449321 0 10.5637256593307 0 0.514827265538777 0 0 0 0 0 0 0 0 0 0 0 0 0 0 0 0 0 0 0 0 0 0 0 0 0
0 0 0 0 0 0 0 0 0 0 0 0 0 25.316246275174 10.7589726245001 0 28.5381629192684 0 6.0637475538179 3.3896432566191 17.7616336449517 0 0 0 0 0 0 0 0 0 0 0 0 0 0 0 0 0 0 0 0 0 0 0 0 0 7.5740729602905 0 0 15.2933870337413 8.9085633565431 0 11.815615198451 0 5.92640317150955 0 0 0 0 0 0 0 0 0 0 0 0 0 0 0 0 0 0 0 0 0 0 0 0 0
0 0 0 0 0 0 0 0 0 0 0 13.6007059211341 0 13.060185426955 0 13.0434996220939 19.6885282633464 6.82987391578822 0 2.48469305927536 5.99150775484019 0 0 2.56452513342687 0 0 0 0 0 0 0 0 0 0 0 0 0 0 0 0 0 0 0 0 0 5.33035340152929 0 0 0 0 28.6882823604345 0 11.8919219107974 0 8.43017282156131 0 0 0 0 0 0 0 0 0 0 0 0 0 0 0 0 0 0 0 0 0 0 0 0 0
0 0 0 0 0 0 0 0 0 0 0 0 12.1769288032311 0 15.9003934739316 14.1788507868656 0 12.6412589816127 4.56482982170841 4.25231881016735 4.63714636348787 1.31721119830465 0 0 8.27984331038912 0 0 0 0 0 0 0 0 0 0 0 0 0 0 0 0 0 0 0 0 0 0 0 0 0 0 15.6114346165226 0 8.14911433044661 0 0 0 0 0 0 0 0 4.28985770446633 0 0 0 0 0 0 0 0 4.60648352001525 0 0 0 0 0 0 0 0
0 0 0 0 0 0 0 0 0 0 0 0 13.6997709708971 10.4626520252335 0 12.5766000938945 0 7.90883395608881 5.0600892850662 10.1865469692164 8.58519241688806 0 0 0 0 0 0 0 0 0 0 0 0 0 0 0 0 0 0 0 0 0 0 0 0 0 0 27.4627549932201 0 0 0 0 9.95366451242168 0 0 0 0 0 0 0 0 0 0 0 0 0 0 0 0 0 0 0 0 0 0 0 0 0 0 0
0 0 0 0 0 0 0 0 0 0 0 0 17.4586704633464 10.0011215943691 0 15.0394788571598 22.8057011530618 0 8.4648076720632 9.10635708484301 0 6.25295471913029 0 0 0 0 0 0 0 0 0 0 0 0 0 0 0 0 0 0 0 0 0 0 0 0 9.35424681351207 15.4389170784936 11.3494106695062 0 0 0 10.3144203267545 0 0 0 0 0 0 0 0 0 0 0 0 0 0 0 0 0 0 0 0 0 0 0 0 0 0 0
0 0 0 0 0 0 0 0 0 0 0 14.3938263228398 10.1370466997405 0 10.4087387162767 0 10.7652853126495 0 26.9714950282139 0 5.05808772431077 0 12.5476947759619 2.45310553027898 0 0 0 0 0 0 0 0 0 0 0 0 0 0 4.23409957336638 0 0 0 0 0 0 0 4.66878281913535 0 9.78446402162433 0 11.1021349561396 0 0 8.86000586257647 0 0 0 0 0 0 0 0 0 0 0 0 0 0 0 0 0 0 0 0 0 0 0 0 0 0
0 0 0 0 0 0 0 0 0 0 0 0 0 18.3323017076353 27.621754801054 0 12.2870852739884 0 10.7277469975527 0 10.0672027090537 0 0 8.46408964287376 0 0 0 0 0 0 0 0 0 0 0 0 0 0 0 0 0 0 0 0 0 0 0 0 0 8.44640232514762 0 14.6883306858259 26.1125998682676 0 0 0 0 0 0 0 0 0 0 0 0 0 0 0 0 0 0 0 0 0 0 0 0 0 0 0
0 0 0 0 0 0 0 0 0 0 0 0 0 0 0 0 0 0 0 0 0 0 0 0 0 0 0 0 0 0 0 0 0 0 0 0 0 0 0 0 0 0 0 0 0 5.54835369946886 0 0 0 0 0 0 0 0 0 0 0 0 0 22.2010813291417 0 6.98109040372503 0 0 12.4921318437675 0 0 0 0 0 0 0 0 0 0 0 0 0 0 0
0 0 0 0 0 0 0 0 0 0 0 0 0 11.1886140205827 8.45591255664085 8.50004729775197 9.19992684487627 7.16519646684579 6.14382803293142 7.36164822212719 0 8.60597416373329 0 0 0 0 0 0 0 0 0 0 0 0 0 0 0 0 0 0 0 0 0 0 0 0 0 0 10.9685376916712 10.2817342861649 0 8.81971700962902 12.2187081518483 0 0 0 0 0 0 0 0 0 0 0 0 0 0 0 0 0 0 0 0 0 0 0 0 0 0 0
0 0 0 0 0 0 0 0 0 0 0 0 11.6466560612514 13.7901823477363 0 14.1894696159061 13.2744518256497 0 0 7.73179515999988 8.31843571047312 18.9876652178952 0 0 0 0 0 0 0 0 0 0 0 0 0 0 0 0 3.38342032412116 0 0 0 0 0 0 0 0 0 0 14.6352762279926 0 0 0 8.32674890305112 0 12.2651052090386 0 0 0 0 0 0 0 0 0 0 0 0 0 0 0 0 0 0 0 0 0 0 0 0
0 0 0 0 0 0 0 0 0 0 0 0 0 0 0 0 0 0 0 0 0 0 0 0 0 0 0 0 0 0 0 0 0 0 0 0 0 0 0 0 0 0 0 0 0 0 0 0 0 0 0 0 0 0 0 0 0 0 0 0 0 0 11.5438772426113 13.9890184291333 0 0 0 0 0 0 0 0 0 0 0 3.26240564608774 0 0 0 0
0 0 0 0 0 0 0 0 0 0 0 0 9.00588975124676 23.7387404550634 6.75005633343944 3.98155090775627 0 9.17095456248219 20.5060924743491 7.99260849088871 5.34418130846475 0 0 5.98536226619413 0 0 0 0 0 0 0 0 0 0 0 0 0 0 0 0 0 0 0 0 0 0 0 10.5247668517211 0 0 11.0312159086646 0 10.2385143026689 0 6.47689855908715 0 20.6858398201289 0 0 0 0 0 0 0 0 0 0 0 0 0 0 0 0 0 0 0 0 0 0 0
0 0 0 0 0 0 0 4.55788014371372 0 0 0 0 14.8217631049944 0 19.0889154679176 0 7.30013093141462 0 8.45204475216337 0 24.0636981808485 3.03355769013393 20.6231318061306 0 0 0 0 0 0 0 0 0 0 0 0 0 0 0 0 0 0 0 0 0 0 0 0 0 4.63299474496391 0 0 21.0189129127892 0 12.2160315342933 0 0 0 0 0 0 0 0 0 0 0 0 0 0 0 0 4.89892589586643 0 0 0 0 0 0 0 0 0
0 0 0 0 0 0 0 0 0 0 0 0 13.6007690464458 10.4481255598183 0 21.8202457612851 22.3645102279328 0 9.30874803114347 0 9.0237472728994 1.9376486367813 2.39887768278396 0 0 0 0 0 0 0 0 0 0 0 0 0 0 0 0 0 0 0 0 0 0 0 0 4.69106724782696 0 0 0 0 8.76743233669523 11.9885893996535 0 5.15851845638297 0 0 0 0 0 0 0 0 0 0 0 0 0 0 0 0 0 0 0 0 0 0 0 0
0 0 0 0 0 0 0 0 0 0 0 19.3229512261507 0 10.0756735489474 9.32129494430833 0 7.96544971811104 0 9.07878994695611 9.163336436332 5.37927001682226 4.23704746958605 5.38293542394607 0 21.0347857598973 0 0 0 0 0 0 0 0 0 0 0 0 0 0 0 0 0 0 0 0 0 0 9.12354745546828 13.0628523025763 0 5.24730394250346 11.0468527600817 7.00584458275156 0 24.0695349789837 0 0 0 0 0 0 0 0 0 0 0 0 0 0 0 0 0 0 0 0 0 0 0 0 0
0 0 0 0 0 0 0 0 0 0 0 0 15.8454049880595 12.277811236455 0 8.93566714562559 0 7.14438595638682 0 24.6197422797997 10.9685932679001 0 12.8579053646929 0 0 0 0 0 0 0 0 0 0 0 0 0 0 0 0 0 0 0 0 0 0 0 0 0 0 0 11.323446480795 0 0 11.0363220695253 4.81505894771329 0 0 0 0 0 0 0 0 2.84209430906646 0 0 0 0 0 0 0 0 0 0 0 0 0 0 0 0
0 0 0 0 0 0 0 0 0 0 0 0 9.44689809790763 10.7818325816351 0 13.0061457855036 8.59266488471993 0 9.99019434027556 0 16.3677149632696 4.52969764254674 0 0 0 0 0 0 0 0 0 0 0 0 0 0 0 0 0 0 0 0 0 0 0 0 0 12.6017549573958 13.3367979788886 0 0 11.1795433680181 0 6.67793788590606 0 0 0 0 0 0 0 0 0 0 0 0 0 0 0 0 0 0 0 0 0 0 0 0 0 0
0 0 0 0 0 0 0 0 0 0 0 8.81926573040199 0 13.2054727698366 10.137724521507 8.52416318505628 14.8460315178084 0 9.44809373682111 3.90311264659505 0 3.64669526151891 0 0 0 0 0 0 0 0 0 0 0 0 0 0 0 0 0 0 0 0 0 0 0 0 0 0 0 0 13.7379076062768 0 25.5406128351658 0 0 0 0 0 0 0 0 0 0 0 0 0 0 0 0 0 0 0 0 0 0 0 0 0 0 0
0 0 0 0 0 0 0 0 0 0 6.29131867484442 0 9.53718983668398 10.9604903763818 0 7.23286034286191 14.4674672317006 0 5.44339621577434 6.95906890436355 3.9712575143781 3.4313750455325 2.31175419717199 0 0 0 0 0 0 0 0 0 0 0 2.88065297901291 0 0 0 0 0 0 0 0 0 0 0 0 11.605609647766 0 6.63457998628947 6.88277121504283 14.4884034414405 0 0 0 7.85581390919882 0 0 0 0 0 0 0 0 0 0 0 0 0 0 0 0 0 0 0 0 0 0 0 0
0 0 0 0 0 0 0 0 0 0 0 0 0 0 0 0 0 0 0 0 0 0 0 0 0 0 0 0 0 0 0 0 0 0 0 0 0 0 0 0 0 10.0869535420228 0 0 8.46095033378317 28.4822118400334 0 2.49172532263998 0 0 0 0 0 0 0 0 0 0 0 0 0 0 0 0 0 0 0 0 0 0 0 0 0 0 0 0 0 0 0 0
0 0 0 0 0 0 0 0 0 0 0 0 0 0 0 0 0 0 0 0 0 0 0 0 3.66918086450399 0 0 0 0 0 0 0 0 0 0 0 0 0 0 0 0 0 0 0 3.54634802641752 0 0 0 0 0 0 0 0 0 0 0 0 0 0 0 0 7.97018860720453 12.0695217144225 0 11.4130149418929 5.66482737306743 0 0 0 0 0 0 0 0 0 0 0 0 0 0
0 0 0 0 0 0 0 0 0 0 0 0 0 0 0 0 0 0 0 0 0 0 0 0 0 0 0 0 0 0 0 0 0 0 0 0 0 0 0 0 0 0 0 0 14.6683882975226 21.9268148202808 5.27391517434367 5.4240292762723 4.73565779050334 0 0 0 0 0 0 0 0 0 0 0 0 0 0 0 0 0 0 0 0 0 0 0 0 0 0 0 0 0 0 0
0 0 0 0 0 0 0 0 0 0 0 0 0 0 0 0 0 0 0 0 0 0 0 0 0 0 0 0 0 0 0 0 0 0 0 0 0 0 0 0 0 0 12.2662185105928 10.3226388531313 10.5027397830137 5.67631788059055 0 6.87583781771855 21.4452684320777 0 0 5.90320270696053 1.37325365168123 0 0 0 0 0 0 0 0 0.912034233398312 0 0 0 0 0 0 0 0 0 0 0 0 0 0 0 0 0 0
0 0 0 0 0 0 0 0 0 0 0 0 0 0 0 0 0 0 0 0 0 0 0 0 0 0 0 0 0 0 0 0 0 0 0 0 0 0 0 0 0 0 0 0 0 0 0 0 4.63489647018379 0 0 0 0 0 0 0 0 0 0 0 0 11.0049644948852 0 8.19166398880632 9.8210972183516 6.44549458867525 0 0 0 0 0 0 0 0 0 0 0 0 0 0
0 0 0 0 0 0 0 0 0 0 0 0 0 0 0 0 0 0 0 0 0 0 0 0 0 0 0 0 0 0 0 0 0 0 0 0 0 0 0 0 0 0 11.6368975458459 0 0 0 12.8106543839229 4.55704316438325 0 0 0 0 0 0 0 0 0 0 0 0 0 0 0 0 0 0 0 0 0 0 0 0 0 0 0 0 0 0 0 0
0 0 0 0 0 0 0 0 0 0 0 0 0 0 0 0 0 0 0 0 0 0 0 0 0 0 0 0 0 0 0 0 0 0 0 0 0 0 0 0 0 0 13.7547116268018 0 11.8708285779275 0 13.0935179758494 13.2185656859804 0 0 0 0 0 0 0 0 0 0 0 0 0 0 0 0 0 0 0 0 0 0 0 0 0 0 0 0 0 0 0 0
0 0 0 0 0 0 0 0 0 0 0 10.0205827439754 9.5040079124527 0 10.1396277353165 12.4794504584042 0 0 4.46040743429832 9.99924512802695 0 6.64528466992387 0 0 0 0 0 0 0 0 0 0 0 0 0 3.03466389505525 0 0 0 0 0 0 0 0 0 0 0 8.14388902421482 10.235517942878 0 0 0 28.9150751677051 3.4661920613803 0 0 0 0 0 0 0 0 0 0 0 0 0 0 0 0 0 2.57906615488543 0 0 0 0 0 0 0 0
0 0 0 0 0 0 0 0 0 0 0 7.0156395973121 0 0 0 0 0 0 0 0 0 0 0 0 0 0 0 0 0 0 0 0 0 0 0 0 0 0 0 0 0 0 16.3169000936544 0 0 13.3516727188405 0 0 0 0 0 0 0 24.4878282475119 0 0 0 0 0 0 0 0 0 0 0 0 0 0 0 0 0 0 0 0 0 0 0 0 0 0
0 0 0 0 0 0 0 0 0 0 0 0 0 0 0 0 0 0 0 0 0 0 0 0 0 0 0 0 0 0 0 0 0 0 0 0 0 0 0 0 0 0 20.7579224397828 0 18.3953718626785 10.6449970844509 0 0 0 0 9.79764957508591 0 0 0 0 0 0 0 0 0 0 0 0 0 0 0 0 0 0 0 0 0 0 0 0 0 0 0 0 0
0 0 0 0 0 0 0 0 0 0 0 0 0 0 0 0 0 0 0 0 0 0 0 0 0 0 0 0 0 0 5.51467613312993 0 0 0 0 0 0 4.73935998233075 0 0 0 0 0 25.783329185688 0 13.4737459296699 9.1538396465006 10.0039159148315 0 0 0 0 17.0122995315284 0 0 0 0 0 0 0 0 0 0 0 0 0 0 0 0 0 0 0 0 0 0 0 0 0 0 0
0 0 0 0 0 0 0 0 0 0 0 0 0 0 0 0 0 0 0 0 0 0 0 0 0 0 0 0 0 0 0 0 0 0 0 0 0 0 0 0 0 0 0 0 11.8329315489282 8.13353762714258 0 0 6.61892937338115 8.85511554882471 0 7.54020801656784 0 8.22473876013681 0 0 0 0 0 0 0 0 0 0 0 0 0 0 0 0 0 0 0 0 0 0 0 0 0 0
0 0 0 0 0 0 0 0 0 0 0 0 0 0 0 0 0 0 0 0 0 0 0 0 0 0 0 0 0 0 0 0 0 0 0 0 0 0 0 0 0 0 14.0637795547475 0 13.2596611798878 23.6423477315571 0 0 9.63336005536703 0 0 6.48838172863277 0 0 0 0 0 0 0 0 0 0 0 0 0 0 0 0 0 0 0 0 0 0 0 0 0 0 0 0
0 0 0 0 0 0 0 0 0 0 0 0 0 4.15737917664357 0 0 0 0 0 0 0 0 0 0 0 0 0 0 0 0 0 0 0 0 0 0 0 0 0 0 0 25.0200533048237 0 10.8402676581331 7.39534385196356 0 14.03584901643 0 16.7634107385528 6.74533867053467 0 0 0 0 0 0 0 0 0 0 0 0 0 0 0 0 0 0 0 0 0 0 0 0 0 0 0 0 0 0
0 0 0 0 0 0 0 0 0 0 0 0 0 0 0 0 0 0 0 0 0 0 0 0 0 0 0 0 0 0 0 0 0 0 0 0 0 0 0 0 0 0 27.0677822792188 0 12.7700087293559 0 10.276657128706 0 0 0 0 9.57144019592263 0 0 0 0 0 0 0 0 0 0 0 0 0 0 0 0 0 0 0 0 0 0 0 0 0 0 0 0
0 0 0 0 0 0 0 0 6.43086692005943 0 0 0 17.159231866478 0 25.4217528937992 4.24831615694328 4.93237174547465 23.2438873819086 0 0 5.72062191437925 0 5.33536233911203 0 0 0 0 0 0 0 0 0 0 0 0 0 0 0 0 0 0 0 0 0 0 0 0 8.22888061430584 0 8.19858496648757 0 9.67282678638743 24.1789287627042 0 12.0758003969391 0 0 0 0 0 0 0 0 0 0 0 0 0 0 0 0 0 0 0 0 0 0 0 0 0
0 0 0 0 0 0 0 0 0 0 5.20967958710722 0 0 0 0 0 0 0 0 0 0 0 0 0 0 0 0 0 0 0 0 0 0 0 0 0 0 0 0 0 0 0 0 0 0 0 0 0 0 0 0 0 0 0 0 0 0 0 0 0 0 0 7.22709256886386 17.2113429466136 0 15.2348699653638 0 0 0 0 0 0 0 0 0 0 0 0 0 0
0 0 0 0 0 0 0 0 0 0 0 0 0 0 0 0 0 0 0 0 0 0 0 0 0 0 0 0 0 0 0 0 0 0 0 0 0 0 0 0 0 9.97740736636249 0 7.74292539378755 13.2921753251763 0 9.2303791953967 0 11.310264834316 6.52648634459029 0 0 8.0976035971543 0 0 0 0 0 0 0 0 0 0 0 0 0 0 0 0 0 0 0 0 0 0 0 0 0 0 0
0 0 0 0 0 0 0 0 0 0 0 0 0 0 0 0 0 0 0 0 0 0 0 0 0 0 0 0 0 0 0 0 0 0 0 0 0 0 25.2326406033101 0 0 0 7.56841400835819 8.82464470169585 0 11.2511879004118 0 6.96067901160067 0 0 0 0 7.60720597415909 0 0 0 0 0 0 0 0 0 0 0 0 0 0 0 0 0 0 0 0 0 0 0 0 0 0 0
0 0 0 0 0 0 0 0 3.85618078717372 0 0 0 0 0 0 0 0 0 0 0 0 0 0 0 0 0 0 0 0 0 0 0 0 0 0 0 0 0 0 0 0 13.7686315316722 0 11.6281249225624 13.0780303190423 0 13.0568921654898 0 0 0 17.2842264389128 0 0 0 0 0 0 0 0 0 0 0 0 0 0 0 0 0 0 0 0 0 0 0 0 0 0 0 0 0
0 0 0 0 0 0 0 0 0 0 0 10.026758317809 7.98640125437483 27.9356856086746 0 0 14.7727171756548 0 9.13375841002044 0 6.56497382639214 0 9.33750678804306 0 0 4.43335016334098 0 0 0 0 0 0 0 0 0 0 0 0 0 0 0 0 0 0 0 0 0 0 0 0 0 0 12.3497480034498 0 19.3159462808693 0 0 0 0 0 0 0 0 0 0 0 0 0 0 0 0 0 0 0 0 0 0 0 0 0
0 0 0 0 0 4.65860978758656 0 0 0 0 0 0 0 0 0 0 0 0 0 0 0 0 0 0 0 0 0 0 0 0 0 0 0 0 0 0 0 0 0 0 0 0 0 0 0 0 0 0 0 0 0 0 0 0 0 0 0 0 0 0 0 0 0 0 10.8592794708766 0 0 0 0 0 0 0 0 0 0 0 0 0 0 0
0 0 0 0 0 0 0 0 0 0 0 0 0 28.7887106099769 0 9.35769029812538 0 21.6921286646264 23.112241210583 6.63209160233743 4.94602455525724 15.6112181321718 0.0967260328466466 0 0 0 0 0 0 0 0 0 0 0 0 0 0 0 0 0 0 0 0 0 0 0 0 0 0 0 7.58802028659896 0 12.8459304799423 0 6.79213197866925 0 0 0 0 0 0 0 0 0 0 0 0 0 0 0 0 0 0 0 0 0 0 0 0 0
0 0 0 0 0 0 0 0 0 0 0 0 0 12.4072095647693 7.88908835916081 22.3608962895439 4.9328326323529 3.53551166622043 0 9.08898830172105 0 0 3.2122160903242 5.29829812082028 0 0 0 0 0 0 0 0 0 0 0 0 0 0 0 0 0 0 0 0 0 0 0 0 0 15.9930745916368 0 0 22.8653957664157 4.40803515346393 0 0 0 0 0 0 0 0 0 0 0 0 0 0 0 0 0 0 0 0 0 0 0 0 0 0
0 0 0 0 0 0 0 0 0 0 0 0 0 0 0 0 0 0 0 0 0 0 0 0 0 0 0 0 0 0 0 0 0 0 0 0 0 0 0 0 0 0 10.7809316931612 0 12.2623606562584 27.1041794417139 0 0 0 21.113240092448 0 0 0 0 0 0 0 0 0 0 0 0 0 0 0 0 0 0 0 0 0 0 0 0 0 0 0 0 0 0
0 0 0 0 0 0 0 0 0 0 0 0 0 0 0 0 0 0 0 0 0 0 0 0 0 0 0 0 0 0 0 0 0 0 0 0 0 0 0 0 0 0 0 11.0800100306246 13.2323661517141 6.76648268419756 9.69148198576004 0 0 0 0 12.1176476645921 0 0 0 0 0 0 0 0 0 0 0 0 0 0 0 0 0 0 0 0 0 0 0 0 0 0 0 0
0 0 0 0 0 0 0 0 0 0 0 0 0 0 0 0 0 0 0 0 0 0 0 0 0 0 0 0 0 0 0 0 0 0 0 0 0 0 0 0 0 0 31.5318104515918 8.64665999021472 9.62682826381165 0 9.55134837524955 0 0 0 19.7814820937094 0 0 0 0 0 0 0 0 0 0 0 0 0 0 0 0 0 0 0 0 0 0 0 0 0 0 0 0 0
0 0 0 0 0 0 0 0 0 0 0 0 0 0 0 0 0 0 0 0 0 0 0 0 0 0 0 0 0 0 0 0 0 0 0 0 0 0 0 0 0 0 0 15.0652970100375 28.7234850958769 0 18.3836700269299 0 6.69191273928827 0 0 0 0 0 0 0 0 0 0 0 0 0 0 0 0 0 0 0 0 0 0 0 0 0 0 0 0 0 0 0
0 0 0 0 0 0 0 0 0 0 0 0 0 0 0 0 0 0 0 0 0 0 0 0 0 0 0 0 0 0 0 0 0 0 0 0 0 0 0 0 0 0 0 15.0430938409091 9.98784916240817 0 10.2973905785749 9.92756333145172 0 0 0 7.95689052923491 0 0 0 0 0 0 0 0 0 0 0 0 0 0 0 0 0 0 0 0 0 0 0 0 0 0 0 0
0 0 0 0 0 0 0 0 0 0 0 0 0 0 0 0 0 0 0 0 0 0 0 0 0 0 0 0 0 0 0 0 0 0 0 0 0 0 0 0 0 0 0 7.36591490861012 0 29.8035798190023 0 9.18501278282191 0 8.08059355712805 0 0 22.7596212699948 0 0 0 0 0 0 0 0 0 0 0 0 0 0 0 0 0 0 0 0 0 0 0 0 0 0 0
0 0 0 0 0 0 0 0 0 0 0 0 0 0 0 3.10075018670738 0 0 0 0 0 0 0 0 0 0 0 0 0 0 0 0 0 0 0 0 0 0 0 0 0 0 0 0 20.4672939468893 8.85214253891068 19.972655873897 8.6633973332698 0 0 0 10.2341468531814 0 0 0 0 0 0 1.50399338033302 0 0 0 0 0 0 0 0 0 0 0 0 0 0 0 0 0 0 0 0 0
0 0 0 0 0 0 0 0 0 0 0 0 0 3.72024390792285 0 0 0 0 0 0 0 0 0 0 0 0 0 0 0 0 0 0 0 0 0 0 0 0 0 0 0 0 0 29.6345185035607 0 12.0557491048418 0 0 0 0 0 2.82762321097603 0 0 0 0 0 0 0 0 0 0 0 0 0 0 0 0 0 0 0 0 0 0 0 0 0 0 0 0
0 0 0 0 0 0 0 0 0 0 0 0 0 0 0 0 0 0 0 0 0 0 0 0 0 0 0 0 0 0 0 0 0 0 0 0 0 0 0 0 0 0 0 18.3233001244075 0 9.75299688706756 8.33466139482177 0 0 0 0 0 0 26.5023648404861 0 0 0 0 0 0 0 0 0 0 0 0 0 0 0 0 0 0 0 0 5.18278236153998 0 0 0 0 0
0 0 0 0 0 0 0 0 0 0 0 0 0 0 0 0 0 0 0 0 0 0 0 0 0 0 0 0 0 0 0 0 0 0 0 0 0 0 0 0 0 0 0 0 0 0 0 0 0 0 0 0 0 0 0 0 0 0 0 0 0 0 13.6319613856876 11.0225053544965 0 7.36920054666118 10.5883822211181 0 0 0 0 0 0 0 0 0 0 0 0 0
0 0 0 0 0 0 0 0 0 0 0 0 0 0 0 0 0 0 0 0 0 0 0 0 0 0 0 0 0 0 0 0 0 0 0 0 0 0 0 0 0 0 0 0 0 0 0 0 0 0 0 0 0 0 0 0 0 0 0 0 0 0 0 0 0 0 0 0 0 0 0 0 0 0 0 0 0 0 0 0
0 0 0 0 0 0 0 0 0 0 0 0 0 0 0 0 0 0 0 0 0 0 0 0 0 0 0 0 0 0 0 0 0 0 0 0 0 0 0 0 0 13.9129539817569 0 29.4275215885489 0 14.178711796306 9.7731217405225 0 0 11.1505576964402 0 0 0 0 0 0 0 0 0 0 0 0 0 0 0 0 0 0 0 0 0 0 0 0 0 0 0 0 0 0
0 0 0 0 0 0 0 0 0 0 0 0 0 0 0 0 0 0 0 0 0 0 0 0 0 0 0 0 0 0 0 0 0 0 0 0 0 0 0 0 0 0 0 13.9313975947019 0 16.4663019112734 24.5984024193426 0 0 0 0 10.6622497895077 7.82365247877964 6.37751388076708 0 0 0 0 0 0 0 0 0 0 0 0 0 0 0 0 0 0 0 0 0 0 0 0 0 0
0 0 0 0 0 0 0 0 0 0 0 0 0 0 0 0 0 0 0 0 0 0 0 0 0 0 0 0 0 0 0 0 0 0 0 0 0 0 0 0 0 0 11.7792795737767 10.7061154051299 7.53425728280496 22.7260106464421 0 8.72177710825535 0 0 2.40545987604608 0 0 0 0 0 0 0 0 0 0 0 2.80973329738858 0 0 0 0 0 0 0 0 0 0 0 0 0 0 0 0 0
0 0 0 0 0 0 0 0 0 0 0 0 0 0 0 0 0 0 0 0 0 0 0 0 0 0 0 0 0 0 0 0 0 0 0 0 0 0 0 0 0 0 0 13.1655174385011 0 26.7927974590365 6.99548877801251 22.9587501187459 0 3.93587266104667 0 0 0 0 0 0 0 0 0 0 0 0 0 0 0 0 0 0 0 0 0 0 0 0 0 0 0 0 0 0
0 0 0 0 0 0 0 0 0 0 0 0 0 0 0 0 0 3.80258999176647 0 0 0 0 0 0 5.34154851289662 0 0 0 0 0 0 0 0 0 0 0 0 0 0 0 0 0 0 8.10313298724346 9.88802811229062 0 10.3758082270852 0 0 0 0 0 10.7332425424048 0 0 0 0 0 0 0 0 0 0 0 0 2.8294293312576 0 0 0 0 0 0 0 0 0 0 0 0 0 0
0 0 0 0 0 0 0 0 0 0 0 0 0 0 0 0 0 0 0 0 0 0 0 0 0 0 0 0 0 0 0 0 0 0 0 0 4.53934939725958 0 0 0 0 0 0 12.8226437600024 7.99195044768109 8.26501448860931 21.8942905925927 0 9.51335499911328 0 0 0 0 5.56619516194252 0 0 0 0 0 0 1.28421232605101 0 0 0 0 0 0 0 0 0 0 0 0 0 0 0 0 0 0 0
0 0 0 0 0 0 0 0 0 0 0 0 0 0 0 0 0 0 0 0 0 0 0 0 0 3.43308149862851 0 0 0 0 0 0 0 0 0 0 0 0 0 0 24.1175945618765 0 0 6.68346103885102 8.11979836011038 7.67613205200372 4.21249850656167 0 0 3.29274602625611 0 0 9.64713511430408 0 0 0 0 0 0 0 0 0 0 0 0 0 0 0 0 0 0 0 0 0 0 0 0 0 0 0
0 0 0 0 0 0 0 0 0 0 0 0 0 0 0 0 0 0 0 0 0 0 0 0 0 0 0 0 0 0 0 0 0 0 0 0 0 0 0 0 0 0 0 0 0 0 0 0 0 0 0 0 0 0 0 0 0 0 0 0 0 0 8.17125798491764 25.5803238397949 25.9212901214889 0 18.3574993643427 0 0 0 0 0 0 0 0 0 0 0 0 0
0 0 0 0 0 0 0 0 0 0 0 0 0 0 0 0 0 0 0 0 0 0 0 0 0 0 0 0 0 0 0 3.82765985113369 0 0 0 0 0 0 0 0 0 0 0 0 0 0 0 0 0 0 0 0 0 0 0 0 0 0 0 0 12.7060340682436 0 14.9067700210334 0 7.29374044679994 0 0 0 0 0 0 0 0 0 0 0 0 0 0 0
0 0 0 0 0 0 0 0 0 0 0 0 0 13.4946399660209 0 9.05703970859529 0 16.7531793769676 0 13.3493662628069 0 0 9.85140819334431 0 0 0 0 0 0 0 0 0 0 0 0 0 0 0 0 0 0 0 0 0 0 0 0 0 26.0652710923556 0 16.8755894249868 0 6.55406216880712 8.39940274555419 0 0 0 0 0 0 0 0 0 0 0 0 0 0 0 0 0 0 0 0 0 0 0 0 0 0
0 0 0 0 0 0 0 0 0 0 0 0 0 0 0 0 0 0 0 0 0 0 0 0 0 0 0 0 0 0 0 0 0 0 0 0 0 0 0 0 0 0 0 0 0 0 0 0 0 0 0 0 0 0 0 0 0 0 0 0 0 0 0 0 5.72180967241918 0 0 0 0 0 0 0 0 0 0 0 0 0 0 0
0 0 0 0 0 0 0 0 0 0 0 0 0 0 0 0 0 0 0 0 0 0 0 0 0 0 0 0 0 0 0 0 0 0 0 0 0 0 0 0 0 0 0 0 0 0 0 0 0 0 0 0 0 0 0 0 0 0 0 0 0 0 11.4540686674426 12.0970306387282 21.186199132715 0 0 0 0 0 0 0 0 0 0 0 0 0 0 0
0 0 0 0 0 0 0 0 0 0 0 0 0 0 0 0 0 0 0 0 0 0 0 0 0 4.83371458491528 0 0 0 0 0 0 0 0 0 0 0 0 0 0 0 0 0 0 0 0 0 0 0 0 0 0 0 0 0 0 0 0 5.58418660901596 0 0 0 6.81630245504689 12.3922015590844 0 12.3440811953228 0 0 0 0 0 0 0 0 0 0 0 0 0 0
0 0 0 0 0 0 0 0 0 0 0 0 19.1879565751596 0 10.1806282777097 11.5921877062174 0 9.33053261461423 0 8.76173711761135 0 22.0161019333182 0 0 7.01711722054262 0 0 0 0 0 0 0 0 0 0 0 0 0 0 0 0 0 0 0 0 0 0 0 0 0 18.1118819714625 0 0 27.2778426061467 0 0 0 0 0 0 0 0 0 0 0 0 0 0 0 0 0 0 0 0 0 0 0 0 0 0
0 0 0 0 0 0 5.11320843134041 0 0 0 0 0 4.11302966101176 0 0 0 0 0 0 0 0 0 0 0 0 0 0 0 0 0 0 0 0 0 0 0 0 0 0 0 0 0 0 0 0 0 0 0 0 0 0 0 0 0 0 0 0 0 0 0 0 0 13.2485511456987 0 0 14.8324185103877 0 0 0 0 0 0 0 0 0 0 0 0 0 0
0 0 0 0 0 0 0 0 0 0 0 0 0 0 0 0 0 0 0 0 0 0 0 0 0 0 0 0 0 0 0 0 0 0 0 0 0 0 0 0 0 0 0 0 0 0 0 0 0 0 0 0 0 0 0 0 0 0 0 0 0 0 18.2473878923714 0 0 7.1669788425735 9.33126902475325 0 0 0 0 0 0 0 0 0 0 0 0 0
0 0 0 0 0 0 0 0 0 0 0 0 0 0 4.78295478466845 0 0 0 0 0 0 0 0 0 0 0 0 0 0 0 0 0 0 0 0 0 0 0 0 0 0 24.0077557299447 27.4360744311995 0 24.3101284265939 0 0 10.5764665273492 0 0 10.3007542964015 0 5.71907177826229 0 0 0 0 0 0 0 0 0 0 0 0 0 0 0 0 0 0 0 0 0 0 0 0 0 0 0
0 0 0 0 0 0 0 0 0 0 0 0 0 0 0 4.11771658142823 0 0 0 0 0 0 0 0 0 0 0 0 0 0 0 0 0 0 0 0 0 3.04322212738364 0 0 0 0 0 0 0 0 0 0 0 0 0 0 0 0 0 0 0 0 0 0 0 0 0 0 8.62989069684918 0 19.7672530873635 0 0 0 0 0 0 0 0 0 0 0 0 0
0 0 0 0 0 0 0 0 0 0 0 0 0 0 0 0 0 0 0 0 0 0 0 0 0 0 0 0 0 0 0 0 0 0 0 0 0 0 0 0 0 0 0 6.9176483955426 9.24643893103144 8.4427906579803 6.41346408118478 6.92135487722549 0 0 0 0 6.11271247957011 0 0 0 0 0 0 0 0 0 0 0 0 0 0 0 0 0 0 0 0 0 0 0 0 0 0 0
0 0 0 0 0 0 0 0 0 0 0 0 0 0 0 0 0 0 0 0 0 0 0 0 0 0 6.14056346444726 0 0 0 0 0 0 0 0 0 0 0 0 0 0 0 0 0 0 0 0 0 0 0 0 0 0 0 0 0 0 0 0 0 0 0 16.0824863559412 0 0 11.9975274127511 0 0 0 0 2.13188663890979 0 0 0 0 0 0 0 0 0
0 0 0 0 0 0 0 0 0 0 0 0 0 0 0 0 0 0 0 0 0 0 0 0 0 0 0 0 0 0 0 0 0 0 0 0 0 0 0 0 0 0 0 0 0 0 0 0 0 0 0 0 0 0 0 0 0 0 0 0 0 0 0 0 9.7573684306643 9.11347921966003 0 0 0 0 0 0 0 0 0 0 0 0 0 0
0 0 0 0 0 0 0 0 0 0 0 0 0 0 0 0 0 0 0 0 0 0 0 0 0 0 0 0 0 0 0 0 0 0 0 0 0 0 4.57765321647627 0 0 0 0 0 0 0 0 0 0 0 0 0 0 0 0 0 0 0 0 0 0 0 13.5869912481489 0 0 8.65795733455676 0 0 0 0 0 0 0 0 0 0 0 0 0 0
0 0 0 0 0 0 0 0 0 0 0 0 0 0 0 0 0 0 0 0 0 0 0 0 0 0 0 0 0 0 0 0 0 0 0 0 0 0 0 18.0999409535231 0 0 0 0 8.60457773216173 17.4978851519046 0 9.92510182049437 4.92371985018544 0 0 0 0 0 0 0 0 0 0 0 0 0 0 0 0 0 0 0 0 0 0 0 0 0 0 0 0 0 0 0
0 0 0 0 0 0 0 0 0 0 0 0 26.207535170755 0 26.709618977817 5.14966552635646 8.86465043673055 0 22.3191302617785 0 8.97693710301662 0 0 0 0 0 0 0 0 0 0 0 0 0 0 0 0 0 0 0 0 0 0 0 0 0 0 0 0 0 17.4015822626491 0 15.5948444944766 0 8.03776889576344 0 0 0 0 0 0 0 0 0 0 0 0 0 0 0 0 0 0 0 0 0 0 0 0 0
0 0 0 0 0 0 0 0 0 0 0 0 0 0 0 0 0 0 0 0 0 0 0 0 0 0 0 3.36045579446024 0 0 0 0 0 0 0 0 0 0 0 0 0 0 0 0 0 0 0 0 0 0 0 0 0 0 0 0 0 0 0 0 0 9.11965310202113 14.4405569199854 0 10.2219878948633 8.36875830820041 4.44523410251113 0 0 0 0 0 0 0 0 0 0 0 0 0
0 0 0 0 0 0 0 0 0 0 0 0 0 12.8913289661983 0 11.626992378283 0 7.54030633234558 8.85639644218674 8.43686970008617 6.59835250104516 0 0 0 5.41686210265003 0 0 0 0 0 0 0 0 0 1.71710360042047 0 0 0 0 0 0 0 0 0 0 0 0 0 6.21813110389175 0 15.8540785058787 0 0 13.9179430363264 8.03620959122335 0 0 0 0 0 0 0 0 0 0 0 0 0 0 0 0 0 0 0 0 0 0 0 0 0
0 0 0 0 0 0 0 0 0 0 0 10.4608202466901 14.9179892674707 0 12.9294721265749 0 12.7110942483111 0 9.77076375875041 11.7894090621909 4.31534022484307 1.15225938460414 0 5.23826224737179 0 0 0 0 1.17400238077302 0 0 0 0 0 0 0 0 0 0 0 0 0 0 0 0 0 0 11.257887677097 7.90299893443578 0 12.6752286078697 0 13.306028526318 10.7427029560294 3.12883183391823 0 0 0 0 0 0 0 0 0 0 0 0 0 0 0 0 0 0 0 0 0 0 0 0 0
0 0 0 0 0 0 0 0 0 0 0 0 0 0 0 0 0 0 0 0 0 0 0 0 0 0 0 0 0 0 0 0 0 0 0 0 0 0 0 0 0 0 0 0 0 0 0 4.39231423337376 0 0 0 0 0 0 0 0 0 0 0 0 0 20.1134524587596 0 6.99722939565499 21.1018514302423 3.33181860010838 0 0 0 0 0 0 0 0 0 0 0 0 0 0
0 0 0 0 0 0 0 0 0 0 0 0 0 0 0 0 0 0 0 0 0 0 0 0 0 0 0 0 0 0 0 0 0 0 0 0 0 0 0 0 0 0 0 0 0 0 0 0 0 0 0 0 0 0 0 0 0 0 0 0 0 0 0 0 8.94410099334942 0 0 0 0 0 0 0 0 0 0 0 0 0 0 0
0 0 0 0 0 0 0 0 0 0 0 0 0 0 0 0 0 0 0 0 0 0 0 0 0 0 0 0 0 0 0 0 0 0 0 0 0 0 0 0 0 0 0 0 0 0 0 0 0 0 0 0 0 0 0 0 0 0 0 0 0 0 0 19.9757010076932 0 0 0 0 0 0 0 0 0 0 3.35984140244023 0 0 0 0 0
0 0 0 0 0 0 0 0 0 0 0 0 0 0 0 0 0 0 0 0 0 0 0 0 0 0 0 0 0 0 0 0 0 0 0 0 0 0 0 0 0 0 0 0 0 0 0 0 0 4.38831376822657 0 0 0 0 0 0 0 0 0 0 0 0 8.71537330036061 0 11.822721341675 0 0 0 0 0 0 0 0 0 0 0 0 0 0 0
0 0 0 0 0 0 0 0 0 0 0 0 0 0 0 0 0 0 0 0 0 0 0 0 0 0 0 0 0 0 0 0 0 0 0 0 0 0 0 0 0 0 0 0 0 0 0 0 0 0 0 0 0 0 0 0 0 0 0 0 0 0 0 0 0 16.2204618666789 0 0 0 0 0 0 4.84372852714484 0 0 0 0 0 0 0
0 0 0 0 0 0 0 0 0 0 0 0 0 0 0 0 0 0 0 0 0 0 0 0 0 0 0 0 0 0 0 5.56041871783164 0 0 0 0 0 0 0 0 0 0 0 0 0 0 0 0 0 0 0 0 0 0 0 0 0 0 0 0 0 7.4432540767183 10.034655443735 6.81608540375113 0 0 5.03874536419995 0 0 0 0 0 0 0 0 0 0 0 0 0
0 0 0 0 0 0 0 0 0 0 0 0 0 0 0 0 0 0 0 0 0 0 0 0 0 0 0 0 0 0 0 0 0 0 0 0 0 0 0 0 0 0 0 0 0 0 0 0 0 0 0 0 0 0 3.75316915887458 0 0 0 0 0 10.9078502743494 0 0 7.03029784349427 0 0 4.73244712983993 0 0 0 0 0 0 0 0 0 0 0 0 0
0 0 0 0 0 0 0 0 0 3.72693998943566 0 0 0 0 4.1184559975787 0 0 0 0 0 0 0 0 0 0 0 0 0 0 0 4.24392547952464 0 0 0 0 0 0 0 0 0 0 0 0 0 0 0 0 0 0 0 0 0 0 0 0 0 0 0 7.18225147344722 0 0 6.90576845988545 13.4861211357785 0 0 0 8.5801786033017 0 0 0 0 0 3.79565327677565 0 0 0 0 0 0 0
0 0 0 0 0 0 0 0 0 0 0 0 14.858434095929 0 17.7377221435156 0 0 7.49407740606683 0 11.808808015901 0 28.1458010613094 0 0 0 0 0 0 0 0 0 0 0 0 0 0 0 0 0 0 0 0 0 0 0 0 0 0 0 22.6761350283094 22.0735998969446 0 6.54538308483097 6.19940856905291 2.22481128887532 0 0 0 2.95145799230506 0 0 0 0 0 0 0 0 0 0 0 0 0 0 0 0 0 0 0 0 0
0 0 0 0 0 0 0 0 0 0 0 0 0 0 0 0 0 0 0 0 0 0 0 0 0 0 0 0 0 0 0 0 0 0 0 0 0 0 0 0 0 0 0 0 0 0 0 0 0 0 0 0 0 0 0 0 0 0 0 0 0 0 0 0 15.1177829987842 15.5509053520978 0 0 0 0 0 0 0 0 0 0 0 0 0 0
0 0 0 0 0 0 0 0 0 0 0 0 10.1537791874417 10.0143539881524 5.84044283811219 0 9.73688789983176 24.5649434104902 0 8.84699137457208 0 11.2603287705125 0 12.2534300530479 0 0 0 0 0 0 0 0 0 0 0 0 0 0 0 0 0 0 0 0 0 0 0 4.05704264610685 0 0 0 0 0 0 10.6890347211974 0 0 0 0 0 0 0 0 0 0 0 0 0 0 0 0 0 0 0 0 0 0 0 0 0
0 0 0 0 0 0 0 0 0 0 0 0 5.78397741896062 0 0 0 0 0 0 0 0 0 0 0 0 0 0 0 0 0 0 0 0 0 0 0 0 0 0 0 0 0 0 0 0 0 0 0 0 0 0 0 0 0 0 0 0 0 0 0 0 0 0 20.7605642440996 0 0 14.6166463727219 0 0 0 0 0 0 0 0 0 0 0 0 0
0 0 0 0 0 0 0 0 0 0 0 0 0 0 0 0 0 0 0 0 0 0 0 0 0 0 0 0 0 0 0 0 0 0 0 0 0 0 0 0 0 0 0 0 5.09062647145126 0 13.4786582843001 0 11.3117623223993 0 11.4967619168563 3.59919009277036 0 0 0 0 0 0 0 0 0 0 0 0 0 0 0 0 0 0 0 0 0 0 0 0 0 0 0 0
