0 0 0 0 0 0 0 0 0 0 0 0 0 0 7.53126607323552 12.6546003518262 0 10.8244847563619 12.2505680846862 0 26.6136519356696 2.29773463669407 0 0 0 0 0 0 0 0 0 0 0 0 0 0 0 0 0 0 0 0 3.48245064504206 0 0 0 0 0 25.7049948357781 0 0 5.8235149278427 0 0 0 0 0 0 0 0 0 0 0 0 0 0 0 0 0 0 0 0 0 0 0 0 0 0 0 0
0 0 0 0 0 0 0 0 0 0 0 0 0 0 0 8.87470272104629 0 19.0564676112724 4.98948136338919 0 9.51742559793676 0 0 0 0 0 0 0 0 0 0 0 0 0 0 0 0 3.5492224071795 0 0 0 0 0 0 0 0 0 4.181947959718 0 11.691349951453 0 0 0 24.6250223878989 0 0 0 0 0 0 0 0 0 0 0 0 0 0 0 0 0 0 0 0 0 0 0 0 0 0
0 0 0 0 0 0 0 0 0 0 0 0 0 0 5.30094993985446 0 8.24230202764166 28.1534159526051 0 10.7259584422568 21.935971990059 0 4.54457303837338 0 0 0 0 0 0 0 0 0 0 0 0 0 0 0 0 0 0 0 0 0 0 0 0 0 7.9673294908058 0 0 0 0 6.32739002911381 0 0 0 0 0 0 0 0 0 0 0 0 0 0 0 0 0 0 0 0 0 0 0 0 0 0
0 0 0 0 0 0 0 0 0 0 0 0 0 0 0 0 0 0 0 0 0 0 0 0 0 0 0 0 0 0 0 0 0 0 0 0 0 0 0 0 0 0 0 0 0 0 0 0 0 0 0 0 9.57332162051945 0 0 0 0 0 0 0 0 3.10772713648088 0 0 0 0 0 0 0 0 0 0 2.98838688590492 0 0 0 0 0 0 0
0 0 0 0 0 0 0 0 0 0 0 0 0 0 7.20757485292228 15.3632823512356 0 10.7368954826016 9.34466909599583 0 6.56297186818964 9.00161357853548 0 0 0 0 0 0 0.652654980867524 0 0 0 0 0 0 0 0 0 0 0 0 0 0 0 0 0 0 5.28342198240022 0 16.9987254367235 0 0 4.8860449343342 7.75370508974169 0 0 0 0 0 0 0 0 0 0 0 0 0 0 0 0 0 0 0 0 0 0 0 0 0 0
0 0 0 0 0 0 0 0 0 0 0 0 0 0 0 10.4773753554323 23.4275878302678 6.16868087962814 24.9418518744049 0 4.40590043987845 0 0 0 0 0 0 1.35421142271437 0 0 0 0 0 0 0 0 0 0 0 0 0 0 0 0 0 0 0 0 0 15.9618198703052 0 0 0 0 0 0 0 0 0 0 0 0 0 0 0 0 0 0 0 0 0 0 0 0 0 0 0 0 0 0
0 0 0 0 0 0 0 0 0 0 0 0 0 0 0 13.7401904531705 8.13123453940264 0 7.79943724846893 10.1634166087636 0 5.83769018389016 0 0 0 0 1.28637294048357 0 0 0 0 0 0 0 0 0 0 0 0 0 0 0 0 0 0 0 0 7.98735237841107 0 8.7461499169613 0 0 0 0 0 0 0 0 0 0 0 0 0 0 0 2.52117748079546 0 0 0 0 0 0 0 0 0 0 0 0 0 0
0 0 0 0 0 0 0 0 0 0 0 0 0 0 0 11.5679798177764 15.5754086586502 0 0 10.2781673113973 9.44151164161512 0 0 0 0 0 0 0 2.6383287212344 0 0 0 0 0 0 0 0 0 0 0 0 0 2.81361380252378 0 0 0 0 0 0 0 0 0 0 13.6918746374909 0 0 0 0 0 0 0 0 0 0 0 0 0 0 0 0 0 0 0 0 0 0 0 0 0 0
0 0 0 0 0 0 0 0 0 0 0 0 0 0 11.9097422704539 9.23337327517702 0 10.6262622630781 0 9.98671363893496 3.75724176017689 0 3.45152174286716 0 0 0 0 0 0 0 0 2.11922304948531 0 0 0 0 0 0 0 0 0 0 0 0 0 0 0 6.2400642853222 0 8.28842523887418 0 0 0 12.4817271409821 0 0 0 0 0 0 0 0 0 2.33903587385352 0 0 0 0 0 0 0 0 0 0 0 0 0 0 0 0
0 0 0 0 0 0 0 0 0 0 0 0 0 0 0 15.8021607271882 0 6.55939293602417 24.2823858873734 6.3258747124661 4.72029562638942 17.5810027149516 0 0 0 0 0 0 0 0 0 0 0 0 0 0 0 0 0 0 0 0 0 0 0 0 0 0 0 8.45805200387247 0 13.5547616374994 0 0 0 0 0 0 0 0 0 0 0 0 0 0 0 0 0 0 0 0 0 0 0 0 0 0 0 0
0 0 0 0 0 0 0 0 0 0 0 0 0 0 0 0 28.2003173724663 9.35269716085434 0 9.20858866061625 5.08721904963084 0 0 0 0 0 0 0 0 0 0 0 0 0 0 0 0 0 3.06231522198098 0 0 0 0 0 0 0 0 26.930081621016 0 18.0117170560284 5.42473056362381 0 0 15.5836617416231 0 0 0 0 0 0 0 0 0 0 0 0 0 0 0 0 0 0 0 0 2.72687421405678 0 0 0 0 0
0 0 0 0 0 0 0 0 0 0 0 0 0 0 0 10.438050969543 24.7591037630381 9.42736773628202 5.82650932477825 18.360827442396 6.43949357854319 0 0 0 0 0 0 0 0 0 0 0 0 0 0 0 0 0 0 0 0 0 0 0 0 0 0 21.7833018605481 8.99651010378043 0 0 19.0404670402703 6.36149084224289 0 10.9098927691102 0 0 0 0 0 0 0 0 0 0 0 3.84608498832027 0 0 0 0 0 0 0 0 0 0 0 0 0
0 0 0 0 0 0 0 0 0 0 0 0 0 0 9.75499578373222 8.57880792032781 0 6.84002693373564 7.64339246778261 0 9.37344490580722 0 8.89916483798603 0 0 0 0 0.385723726249498 0 0 0 0 0 0 0 0 0 0 0 0 0 0 0 0 0 0 0 0 8.55964441685984 0 10.7097518040927 0 0 12.3667319858748 0 0 0 0 0 0 0 0 0 0 0 0 0 0 0 0 0 0 0 0 0 0 0 0 0 0
0 0 0 0 0 0 0 0 0 0 0 0 0 0 0 0 0 0 0 3.96034872466671 0 0 0 0 0 0 0 0 0 0 0 0 0 0 0 0 0 0 0 4.30713527428468 0 0 0 0 4.26159209885403 0 0 0 0 0 0 0 0 0 0 0 0 0 0 12.3136491716745 0 0 18.2921266464028 0 8.47130353168905 0 0 0 0 0 0 0 2.68338830793521 0 0 0 0 0 0 0
0 0 0 0 0 0 0 0 0 0 0 0 0 0 0 0 21.0587790597985 0 17.954510910988 0 16.285235960178 0 24.929754228753 0 0 0 0 0 0 0 0 0 0 0 0 0 0 0 0 0 0 0 0 0 0 0 0 5.34618028706344 7.26552426211315 0 0 0 8.32043960514529 0 11.1555497779661 0 0 0 0 0 0 0 0 0 0 0 0 0 0 0 0 0 0 0 0 0 0 0 0 0
0 0 4.94869224163889 0 0 0 0 0 0 0 0 0 0 0 0 0 0 6.97349194590048 0 7.2427978876882 0 0 0 0 3.54780997424527 0 0 0 0 0 0 0 0 0 0 0 0 0 0 0 0 0 3.76875443661355 0 0 0 0 0 30.0240306611702 0 0 26.8012240274747 0 4.6512171676348 0 0 0 0 0 0 0 0 0 0 0 0 0 0 0 0 0 0 0 0 0 0 0 0 0 0
0 0 0 0 0 0 0 0 0 0 0 0 0 0 0 0 0 0 0 0 0 0 0 0 0 0 0 0 0 0 0 0 0 0 0 0 0 0 0 0 0 0 0 0 0 0 0 0 0 0 0 0 0 0 0 7.84333062704001 0 0 21.6154238113207 0 10.8244056868123 0 5.23099890390996 21.5217362994132 6.14420842138904 0 0 0 0 0 0 0 0 0 0 0 0 0 0 0
0 0 0 0 0 0 0 0 0 0 0 0 0 0 0 10.3158215999766 12.3810005698144 6.51719144312286 5.99371372763013 8.70724704510609 0 9.097583956121 0 0 0 0 0 0 0 0 0 0 0 0 0 0 0 0 0 0 0 0 0 0 0 0 0 0 8.18293331874106 0 9.31351186326008 9.24066453860877 0 0 0 0 0 0 0 0 0 0 0 0 0 0 2.76517758053495 0 0 0 0 0 0 0 0 0 0 0 0 0
0 0 0 0 0 0 0 0 0 0 0 0 0 0 0 0 11.0281741231963 0 8.2762791495326 0 7.68650309859516 10.1783787797905 0 9.01288293750646 0 0 0 0 0 0 0 0 0 0 0 0 0 0 0 0 0 0 0 0 0 0 0 0 0 0 0 0 4.21116863533501 0 0 0 0 0 0 0 0 0 0 0 0 0 0 0 0 0 0 0 0 0 0 0 0 0 0 0
0 0 0 0 0 0 0 0 0 0 0 0 0 0 13.7822534052796 0 6.85181106924867 0 0 15.227435328655 10.4399412336352 0 0 0 0 0 0 0 0 0 0 0 0 0 0 0 0 0 0 0 0 0 0 0 0 0 0 0 0 0 0 0 0 0 0 0 0 0 0 0 0 0 0 0 0 0 0 0 0 0 0 0 0 0 0 0 0 0 0 0
0 0 0 0 0 0 0 0 0 0 0 0 0 0 8.74571388843285 10.0681642263997 0 10.8526812845573 10.5816167802858 0 6.65165324583445 4.3422703723968 0 0 0 0 0 0 0 0 0 0 0 0 0 0 0 0 0 0 0 0 0 0 0 0 0 16.0439606080777 0 9.70141641429543 0 0 0 0 0 0 0 0 0 0 0 0 0 0 0 0 0 0 0 0 0 0 0 0 0 0 0 0 0 0
0 0 0 0 0 0 0 0 0 0 0 0 0 6.95031091036848 0 7.19892917479854 12.6798399385545 9.41435915573082 9.02028340572352 0 5.25657517404881 0 0 0 0 0 0 0 0 0 0 0 0 0 0 0 0 0 4.17091148822034 0 0 0 0 0 0 0 0 0 0 9.79758662532771 0 0 0 0 0 0 0 0 0 0 0 0 0 0 0 0 0 0 0 0 0 0 0 0 0 0 0 0 0 0
0 0 0 0 0 0 0 0 0 0 0 0 0 0 0 11.0069002384504 13.9971322108058 5.09771443799221 0 15.7906562014864 0 8.29540528050586 0 0 0 0 0 0 0 0 0 0 0 0 0 0 0 0 0 0 0 0 0 0 0 0 0 0 0 0 8.25648269304967 9.91072126953725 0 14.1220851003231 0 0 0 0 0 0 0 0 0 0 0 0 0 0 0 0 0 0 0 0 0 0 0 0 0 0
0 0 0 0 0 0 0 0 0 0 0 0 0 0 0 12.4640991797279 0 10.6051390621759 8.90901130056513 5.94582862587812 4.76425464626488 0 0 0 0 0 0 0 0 0 0 0 0 0 0 0 0 0 0 0 0 0 0 0 0 0 0 0 0 8.06523884038943 0 0 0 3.94631438045958 0 0 0 0 0 0 0 0 0 0 0 0 0 0 0 0 0 0 0 0 0 0 0 0 0 0
0 0 0 0 0 0 0 0 0 0 0 0 0 0 8.74976875853475 9.30943874759292 9.31354348128222 8.47266030988521 9.29668493231561 0 6.06373596330199 0 0 0 0 0 0 0 0 0 0 0 0 0 0 0 0 0 0 0 0 0 0 0 0 0 0 0 8.98905225907945 0 0 0 0 0 0 0 0 0 0 0 0 0 0 0 0 0 0 0 0 0 0 0 0 0 0 0 0 0 0 0
0 0 0 0 0 0 0 0 0 0 0 0 0 0 0 0 0 0 0 0 0 0 0 0 0 0 0 0 0 0 0 0 0 0 0 0 5.44440736997109 0 0 0 0 0 0 0 0 0 0 0 0 12.0451615914731 0 0 0 0 0 4.84477416734426 0 0 0 0 0 0 0 0 0 0 0 0 0 0 0 0 0 0 0 0 0 0 0 0
0 0 0 0 0 0 0 0 0 0 0 0 0 0 0 0 0 0 0 0 0 0 0 0 0 0 0 0 0 4.48251106455316 0 0 0 0 0 0 0 0 0 0 0 0 0 0 0 0 0 0 0 2.71625255739387 0 0 0 0 0 0 0 0 0 0 0 0 9.66338611903496 0 14.2370936241881 0 0 0 0 0 0 0 0 0 0 0 0 0 0 0
0 0 0 0 0 0 0 0 0 0 0 0 0 0 0 0 0 0 0 0 0 0 0 0 0 0 0 0 0 0 0 0 0 0 0 0 0 0 0 0 0 0 13.9231145748439 0 0 0 0 0 0 0 0 24.2320584159637 0 0 0 0 0 0 0 0 0 0 0 0 0 0 0 0 0 0 0 0 0 0 0 0 0 0 0 0
0 0 0 0 0 0 0 0 0 0 0 0 0 0 0 0 0 0 0 0 0 0 0 0 0 0 0 0 0 0 0 0 0 0 0 0 0 0 0 0 12.3749115973825 0 0 0 0 7.94688635651044 0 0 0 0 0 0 0 0 0 0 0 0 0 0 0 0 0 0 0 0 0 0 0 0 0 0 0 0 0 0 0 0 0 0
0 0 0 0 0 0 0 0 0 0 0 0 0 0 0 0 0 0 0 0 0 0 0 0 0 0 0 0 0 0 0 0 0 0 0 0 0 0 0 0 0 0 0 0 0 0 0 0 0 0 0 0 0 0 0 0 0 0 0 0 6.36674734498077 10.4328693293974 0 0 6.67338177106486 0 0 0 0 0 0 0 0 0 0 0 0 0 0 0
0 0 0 0 0 0 0 0 0 0 0 0 0 0 0 0 0 0 0 0 0 0 0 0 3.03318596033482 0 0 0 0 0 0 0 0 0 0 0 0 0 0 0 0 0 0 0 0 0 0 0 0 0 0 8.16511665147063 0 0 0 0 0 0 0 0 0 0 0 0 0 0 0 0 0 0 0 0 0 0 0 0 0 0 0 0
0 0 0 0 0 0 0 0 0 0 0 0 0 0 0 0 0 0 0 0 0 0 0 0 0 0 0 0 0 0 0 0 0 0 0 0 0 0 0 0 0 0 0 0 0 0 0 0 10.2914495908203 12.6062815023383 0 0 0 0 0 0 0 0 0 0 0 0 0 0 0 5.80326050640899 0 0 0 0 0 0 0 0 0 0 0 0 0 0
0 0 0 0 0 0 0 0 0 0 0 0 0 0 0 0 9.14027979272207 11.3532639403564 0 8.68489539613471 8.49521273037053 10.5024867231731 0 0 0 0 0 0 0 0 0 0 0 0 0 0 0 0 0 0 0 0 0 0 0 0 0 0 0 5.91315146219903 9.93195406913669 0 5.6529361903371 0 0 0 0 0 0 0 0 0 0 0 0 0 0 0 0 0 0 0 0 0 0 0 0 0 0 0
0 0 0 0 0 0 0 0 0 0 0 0 0 0 0 0 0 0 0 0 0 0 0 0 0 0 0 0 0 0 0 0 0 0 0 0 0 0 0 0 0 0 0 0 0 0 0 0 0 0 3.41031276941943 0 0 0 0 0 0 0 0 0 0 0 0 0 0 0 0 4.43547645160263 0 0 0 0 0 0 0 0 0 0 0 0
0 0 0 0 0 0 0 0 0 0 0 0 0 0 0 0 0 0 0 0 0 0 0 0 0 0 0 0 0 0 0 0 0 0 0 0 0 0 0 0 0 4.5278547979544 0 0 0 0 0 0 0 8.21077093263336 23.0099960535681 0 4.8870894901202 0 0 0 0 0 0 0 0 0 0 0 0 0 0 0 0 0 0 0 0 0 0 0 0 0 0 0
0 0 0 0 0 0 0 0 0 0 0 0 0 0 0 0 0 0 0 0 0 0 0 0 0 0 0 0 0 0 0 0 0 0 0 0 0 0 0 0 0 0 0 0 0 0 0 0 0 6.88394704695085 0 0 0 0 0 0 0 0 0 0 0 0 0 0 0 0 0 0 0 0 0 0 0 0 0 0 0 0 0 0
0 0 0 0 0 0 0 0 0 0 0 0 0 0 0 0 0 0 0 0 0 0 0 0 0 0 0 0 0 0 0 0 0 0 0 0 0 0 0 0 0 0 0 0 0 0 0 0 23.6049103090564 0 0 0 0 0 0 0 0 0 0 0 0 0 0 0 0 0 0 0 0 0 0 0 0 0 0 0 0 0 0 0
0 0 0 0 0 0 0 0 0 0 0 0 0 0 0 0 0 0 0 0 0 0 0 0 0 0 0 0 0 0 0 0 0 0 0 0 0 0 0 0 0 0 0 0 0 0 11.8559401089618 0 0 0 0 0 0 0 0 0 0 0 0 0 0 0 0 0 0 0 0 0 0 0 0 3.69405870137009 0 0 0 0 0 0 0 0
0 0 0 0 0 0 0 0 0 0 0 0 0 0 0 0 0 0 0 0 0 0 0 0 0 0 0 0 0 0 0 0 0 0 0 0 0 0 0 0 0 0 0 0 0 0 0 0 9.95585405846292 0 0 0 0 0 0 0 0 0 0 0 0 0 0 0 0 0 0 0 0 0 0 0 0 0 0 0 0 0 0 0
0 0 0 0 0 0 0 0 0 0 0 0 0 0 0 0 0 0 0 0 0 0 0 0 0 0 0 0 0 0 0 0 0 4.2660035019948 0 0 0 0 0 0 0 0 0 0 0 0 0 0 0 0 7.48553106412522 0 0 0 0 0 0 0 0 0 0 5.71888651154969 0 0 0 0 0 0 0 0 0 0 0 0 0 0 0 0 0 0
0 0 0 0 0 0 0 0 0 0 0 0 0 0 0 11.7912195679437 9.23487613399531 21.4621797817683 10.980917180131 0 10.9164241215137 0 0 0 0 0 0 0 0 0 0 0 0 0 0 0 0 0 0 0 3.6664433891862 0 0 0 0 0 0 22.8862182417818 0 7.40274344999781 0 0 0 5.00119610228305 0 0 0 0 0 0 0 0 1.77259176780464 0 0 0 0 0 0 0 0 0 0 0 0 0 0 0 0 0
0 0 0 0 0 0 0 0 0 0 0 0 0 0 0 0 0 0 0 0 0 0 0 0 0 0 0 0 0 0 0 0 0 0 0 0 0 0 0 0 0 0 0 0 0 0 0 0 0 0 0 0 0 0 0 0 0 0 0 9.27953803370333 0 27.6030421842346 4.32134835606725 6.0132236895038 7.53477017084679 1.16335396019034 0 0 0 0 0 0 0 0 0 0 0 0 0 0
0 0 0 0 0 0 0 0 0 0 0 0 0 0 0 0 0 0 0 0 0 0 0 0 0 0 0 0 0 0 0 0 0 0 0 0 0 0 0 0 0 0 10.3058127720253 0 0 0 0 0 0 0 0 0 0 0 0 0 0 0 0 0 0 0 0 0 3.641547273232 0 0 0 0 0 0 0 0 0 0 0 0 0 0 0
0 0 0 0 0 0 0 0 0 0 0 0 0 0 0 0 0 0 0 0 0 0 0 0 0 0 0 0 0 0 0 0 0 0 0 0 0 0 0 0 0 0 0 0 0 0 0 5.57767972592919 0 0 0 0 0 0 0 0 3.51781502408886 0 0 0 0 0 0 0 0 0 0 0 0 0 0 0 0 0 0 0 0 0 0 0
0 0 0 0 0 0 0 0 0 0 0 0 0 0 0 0 0 0 0 0 0 0 0 0 0 0 0 0 0 0 0 0 0 0 0 0 0 0 0 0 0 0 0 0 0 0 0 0 0 0 0 0 0 0 0 0 0 0 0 0 0 0 0 0 0 0 0 0 0 0 0 0 0 0 0 0 0 0 0 0
0 0 0 0 0 0 0 0 0 0 0 0 0 0 19.4137967125165 0 9.48133326919131 11.1743250998006 0 10.9000570633277 0 0 0 3.97364695937125 0 0 0 0 0 0 0 0 0 0 0 0 0 0 0 0 0 0 4.89755459452056 0 0 0 0 0 0 0 0 0 15.1279401572846 0 0 0 0 0 0 0 0 0 0 0 0 0 0 0 0 0 0 0 0 0 0 0 0 0 0 0
0 0 0 0 0 0 0 0 0 0 0 0 0 0 0 0 0 0 0 0 0 0 0 0 0 0 0 0 0 0 0 0 0 0 0 0 0 0 0 0 0 0 0 0 0 0 0 0 0 0 0 0 0 0 0 0 0 4.59973177952122 0 0 0 0 0 14.271665807568 0 0 0 0 0 0 0 0 0 0 0 0 0 0 0 0
0 0 0 0 0 0 0 0 0 0 0 0 0 0 0 6.98017576415577 6.09257311634622 0 6.29284388832559 6.99073118008689 6.15081335154642 3.51152286969009 0 0 0 0 0 0 0 0 0 0 0 0 0 0 0 0 0 0 0 0 0 0 0 0 7.33581663198982 0 7.4290837694816 13.7310443451711 0 0 0 10.3673193106667 0 0 0 0 0 0 0 0 0 0 0 0 0 0 0 0 0 0 0 0 0 0 0 0 0 0
0 0 0 0 5.11660021234956 0 0 0 0 0 4.30114996379706 0 0 0 0 17.179952317944 0 14.2035773261265 0 10.5708431799869 11.69013780995 5.15490972366733 0 0 0 0 0 0 0 0 0 0 0 0 0 0 0 0 0 0 0 0 0 0 0 0 0 0 15.5353058164619 0 0 0 0 0 11.4451451923671 0 0 0 0 0 0 0 0 0 0 0 0 0 0 0 0 0 0 0 0 0 0 0 0 0
0 0 0 0 0 0 0 0 0 0 0 0 0 0 0 0 0 0 0 0 0 0 0 0 0 0 0 0 0 0 0 0 0 0 0 0 0 0 0 0 0 0 0 0 0 0 0 0 0 0 0 0 0 0 0 0 0 0 0 0 0 0 0 0 0 0 0 0 0 0 0 0 0 0 0 0 0 0 0 0
0 0 0 0 0 0 0 0 0 0 0 0 0 0 0 0 0 0 0 3.41344811628476 0 0 0 0 0 0 0 0 0 0 0 0 0 0 0 0 0 0 0 0 0 0 0 0 0 0 0 0 0 0 0 0 0 0 0 0 0 3.1685913695306 0 0 0 0 0 0 0 0 0 0 0 0 0 0 0 0 0 0 0 0 0 0
0 0 0 0 0 0 0 0 0 0 0 0 0 0 0 0 0 0 0 0 0 0 0 0 2.94533424772344 0 0 0 0 0 0 0 0 0 0 0 0 0 0 0 0 0 0 0 0 0 0 0 0 0 0 0 0 0 0 0 0 0 0 0 2.93995509757329 0 0 0 0 0 0 0 0 0 0 0 0 0 0 0 0 0 0 0
0 0 0 0 0 0 0 0 0 0 0 0 0 0 0 0 0 4.95890971740313 0 0 0 0 0 0 0 0 0 0 0 0 0 0 0 0 0 0 0 0 0 0 0 0 0 0 0 0 0 0 0 0 0 0 0 0 0 0 0 0 0 0 0 0 0 0 0 0 0 0 0 0 0 0 0 0 0 0 0 0 0 0
0 0 0 0 0 0 0 0 0 0 0 0 0 0 0 0 0 0 0 0 0 0 0 0 0 0 0 0 0 0 0 0 0 0 0 0 0 0 0 0 0 0 0 0 0 0 0 0 0 0 0 0 0 0 0 0 0 0 0 0 0 0 0 0 0 0 0 0 0 0 0 0 0 0 0 0 0 0 0 0
0 0 0 0 0 0 0 0 0 0 0 0 0 0 0 0 0 0 0 0 0 0 0 0 0 0 0 0 0 0 0 0 0 0 0 0 0 0 0 0 0 0 12.5089039970969 0 0 0 0 0 0 0 0 30.1532283924625 0 2.52908051178723 0 0 0 0 0 0 0 0 0 0 0 0 0 0 0 0 0 0 0 0 0 0 0 0 0 0
0 0 0 0 0 0 0 0 0 0 0 0 0 0 0 0 0 0 0 0 0 0 0 0 0 0 0 0 0 0 0 0 0 0 0 0 0 0 0 0 0 0 0 0 13.7833589594551 0 0 0 8.88221059954391 0 0 6.77769268127351 0 0 0 0 0 0 0 0 0 0 0 0 0 0 0 0 0 0 0 0 0 0 0 0 0 0 0 0
0 0 0 0 0 0 0 0 0 0 0 0 0 0 0 0 0 0 0 0 0 0 0 0 0 0 0 0 0 0 0 0 0 0 0 0 0 0 0 0 0 9.44917360001576 7.58035626803038 0 0 0 0 0 0 0 0 0 0 0 0 0 0 0 0 0 0 0 0 0 0 0 0 0 0 0 0 0 0 0 0 0 0 0 0 0
0 0 0 0 0 0 0 0 0 0 0 0 0 0 0 0 0 0 0 0 0 0 0 0 0 0 0 0 0 0 0 0 0 0 0 0 0 0 0 0 0 0 0 5.45143093409782 0 3.95839769381134 0 0 0 0 0 0 0 0 0 0 0 0 0 0 3.87779480256917 0 0 0 0 0 0 0 0 0 0 0 0 0 0 0 0 0 0 0
0 0 0 0 0 0 0 0 0 0 0 0 0 0 0 0 0 0 0 0 0 0 0 0 0 0 0 0 0 0 0 0 0 0 0 0 0 0 0 0 0 0 0 0 0 0 0 0 0 0 0 0 0 0 0 0 0 0 0 0 0 0 6.64179549239854 0 0 0 0 8.53875858932426 0 0 0 0 0 0 0 0 0 0 0 0
0 0 0 0 0 0 0 0 0 0 0 0 4.97221049418042 0 0 0 0 0 0 0 0 0 0 0 0 0 0 0 0 0 0 0 0 0 0 0 0 0 0 0 0 0 0 0 0 0 0 0 0 0 0 0 0 0 0 0 0 0 0 0 0 12.0172817990469 7.67675872710621 0 0 0 26.4903063505185 0 0 0 0 0 0 0 0 0 0 0 0 0
0 0 0 0 0 0 0 0 0 0 0 0 4.55425611465612 0 0 0 0 0 0 0 0 0 0 0 0 0 0 0 0 0 0 0 0 0 0 0 0 0 0 0 0 0 0 0 14.178593605988 0 0 0 0 0 5.82097601275014 0 0 0 0 0 0 0 0 0 0 0 0 6.78186873659549 0 0 0 0 0 0 0 0 0 0 0 0 0 0 0 0
0 0 0 0 0 0 0 0 0 0 0 0 0 0 0 0 0 0 0 0 0 3.04747583464936 0 0 0 0 0 0 0 0 0 0 0 0 0 0 0 0 0 0 0 0 0 0 0 0 0 0 0 0 0 0 0 0 0 0 0 0 0 0 0 0 0 0 0 0 0 0 0 0 0 0 0 0 0 0 0 0 0 0
0 0 0 0 0 0 0 0 0 0 0 0 0 0 0 0 0 0 0 0 0 0 0 0 0 0 0 0 0 0 0 0 0 0 0 0 0 0 0 0 0 0 0 0 0 0 0 0 0 0 0 0 0 0 0 0 0 0 0 0 0 0 0 0 0 0 5.12774075070973 0 0 0 4.50689522296032 0 0 0 0 0 0 0 0 0
0 0 0 0 0 0 0 0 0 0 0 0 0 0 0 0 0 0 0 0 0 0 0 0 0 0 0 0 0 0 0 0 0 0 0 0 0 0 0 0 0 11.9167856095277 0 0 0 0 0 4.23421817643707 0 0 26.2772254330565 0 0 0 0 0 0 0 0 0 0 0 0 0 0 0 0 0 0 0 0 0 0 0 0 0 0 0 0 0
0 0 0 0 0 0 0 0 0 0 0 0 0 0 0 0 0 0 0 0 0 0 0 0 0 0 0 0 0 0 0 0 0 0 0 0 0 0 0 0 0 0 0 0 0 0 0 0 0 0 0 0 0 0 0 0 0 0 0 0 0 0 0 0 0 0 0 0 0 0 0 0 0 0 0 0 0 0 0 0
0 0 0 0 0 0 0 0 0 0 0 0 0 0 0 0 0 0 0 0 4.62238702827629 0 0 0 0 0 0 0 0 0 0 0 0 0 0 0 0 2.73869101995805 0 0 0 0 0 0 0 0 0 0 0 0 0 0 0 0 0 0 0 0 0 0 0 0 0 0 0 0 0 0 0 0 0 0 0 0 0 0 0 0 0 0
0 0 0 0 0 0 0 0 0 0 0 0 0 0 0 0 0 0 0 0 0 0 0 0 0 0 0 0 0 0 0 0 0 0 0 0 0 0 0 0 0 0 0 0 0 0 0 0 0 0 0 0 0 0 0 0 0 0 0 0 0 0 0 0 0 0 0 0 0 0 0 0 0 0 0 0 0 0 0 0
0 0 0 0 0 0 0 0 0 0 0 0 0 0 0 0 0 0 0 0 0 0 0 0 0 0 0 0 0 0 0 0 0 0 0 0 0 0 0 0 0 0 0 0 0 0 0 0 0 0 0 0 0 0 0 0 0 0 0 0 13.8033664356877 0 7.31040770932107 0 9.935042063326 0 0 0 0 0 0 0 0 0 0 0 0 0 0 0
0 0 0 0 0 0 0 0 0 0 0 0 0 0 0 0 0 0 0 0 0 0 0 0 0 0 0 0 0 3.28656323043339 0 0 0 0 0 0 0 0 0 0 0 0 0 0 0 0 0 0 0 0 0 0 0 0 0 0 0 0 0 0 8.17238094400535 8.42861996473636 0 10.003436118624 9.63169788448055 3.49396318572882 0 4.49987087658432 0 0 0 0 0 0 0 0 0 0 0 0
0 0 0 0 0 0 0 0 0 0 0 0 0 0 0 9.18648255907921 10.6014265347546 0 8.73322722372753 5.29621068307923 12.3609754870524 0 0 0 0 0 0 0 0 0 0 2.64938819501399 0 0 0 0 0 0 0 0 0 0 0 0 0 0 0 6.26439377808817 0 9.30091695000154 7.25433861322907 0 0 0 0 0 0 0 0 0 3.52770122897918 0 0 0 0 0 0 0 0 0 0 0 4.39986671747255 0 0 0 0 0 0 0
0 0 0 0 0 3.84735596439097 0 0 0 0 0 0 0 0 0 0 0 0 4.15023712310785 0 0 0 0 0 0 3.65256144610932 0 0 0 0 0 0 0 0 0 0 0 0 0 0 0 0 0 0 0 0 0 0 0 0 0 0 0 0 0 0 0 0 0 0 0 0 20.8056470627711 0 2.5402844229259 0 0 0 0 0 0 0 0 0 0 0 0 0 0 0
0 0 0 0 0 0 0 0 0 0 0 0 0 0 0 0 0 0 0 0 0 0 0 0 0 0 0 0 0 0 0 0 0 0 0 0 0 0 4.11801943900561 0 0 0 0 0 0 0 0 0 0 0 0 0 0 0 0 0 0 0 0 0 0 12.0407038569334 0 0 11.9404715079236 0 0 0 0 0 0 0 0 0 0 0 0 0 0 0
0 0 0 0 0 0 0 0 0 0 0 0 0 0 0 0 0 0 0 0 0 0 0 0 0 0 0 0 0 0 0 0 0 0 0 0 0 0 0 0 0 0 0 0 0 0 0 0 0 0 0 0 0 0 0 0 0 0 0 21.435625924239 7.31070347872184 0 10.0352958422369 7.67196436098575 0 0 7.09913784532288 0 0 0 0 0 0 0 0 0 0 0 0 0
0 0 0 0 0 0 0 0 0 0 0 0 0 0 0 12.2112365479353 0 18.3182407708805 0 9.86605656220488 7.58613924644036 0 0 0 0 0 0 0 0 0 0 0 0 0 0 0 0 0 0 0 0 0 0 4.36936722424746 0 0 0 0 0 11.2520981264051 0 0 23.9943001812106 0 0 0 0 1.00945585983411 0 0 0 0 0 0 0 0 0 0 0 0 0 0 0 0 0 0 0 0 0 0
0 0 0 0 0 0 0 0 0 0 0 0 0 0 0 0 0 0 0 0 0 0 0 0 0 0 0 0 0 0 0 0 0 0 0 0 0 0 0 0 0 0 0 0 0 0 0 0 0 0 0 0 0 0 0 0 0 0 0 8.43155763848325 0 0 11.3434788274924 0 0 9.79038980295503 9.76189354541724 0 0 0 0 0 0 0 0 0 0 0 0 0
0 0 0 0 0 0 0 0 0 0 0 0 0 0 0 0 0 0 0 0 0 0 0 0 0 0 0 0 0 0 0 0 0 0 0 0 0 0 0 0 0 0 0 0 0 4.73531193334811 0 0 0 0 0 0 0 0 0 0 0 0 0 6.49730172116818 0 0 14.2289923246119 10.3188903093142 0 0 10.1952585971141 0 0 0 0 0 0 0 0 0 0 0 0 0
0 0 0 0 0 0 0 0 0 0 0 0 0 0 0 0 0 0 0 0 0 0 0 0 0 0 0 0 0 0 0 0 0 0 0 0 0 0 0 0 0 0 0 0 0 0 0 0 0 0 0 0 0 0 0 0 0 0 0 0 0 0 0 0 0 0 0 0 0 0 0 0 0 5.20854713259143 0 0 0 0 0 0
0 0 0 0 0 0 0 0 0 0 0 0 0 0 0 0 0 0 0 0 0 0 0 0 0 0 0 0 0 0 0 0 0 0 0 0 3.09881139354934 0 0 0 0 0 0 0 0 0 0 0 0 0 0 0 0 0 0 0 0 0 0 0 0 0 27.0546833941512 20.1769320846247 0 0 0 0 0 0 0 0 0 0 0 0 0 0 0 0
0 0 0 0 0 0 0 0 0 0 0 0 0 0 0 0 0 0 4.26692366357638 0 0 0 0 0 0 0 0 0 0 0 0 0 0 0 0 0 0 0 0 0 0 0 0 0 0 0 0 0 0 25.1850933635677 9.12259414430579 0 0 0 0 0 0 0 0 0 0 0 0 0 0 0 0 0 0 0 0 0 0 0 0 0 0 0 0 0
0 0 0 0 0 0 0 0 0 0 0 0 0 0 0 0 0 0 0 0 0 0 0 0 0 0 0 0 0 0 0 0 0 0 0 0 0 0 0 0 0 0 0 0 0 0 0 0 0 0 0 0 0 0 0 0 0 0 0 0 6.49228539000036 0 6.02083180534077 0 6.51017451125381 0 0 0 0 0 0 0 0 0 0 0 0 0 0 0
0 0 0 0 0 0 0 0 0 0 0 0 0 0 0 0 0 0 0 0 0 0 0 0 0 0 0 0 0 0 0 0 0 0 0 0 0 0 0 0 0 0 0 0 0 0 0 0 0 0 0 0 0 0 0 0 0 0 7.48736632665566 24.9861716652445 0 7.75142336929198 5.75281011381634 0 1.27911513137235 0 0 0 28.5143832409785 0 0 0 0 0 0 0 0 0 0 0
0 0 0 0 0 0 0 0 0 0 0 0 0 0 0 0 0 0 0 0 3.46740495851809 0 0 0 0 0 0 0 0 0 0 0 0 0 0 0 0 0 0 0 0 0 0 0 0 0 0 0 0 0 0 0 0 4.72622571083232 0 0 0 0 0 0 0 7.0381192547307 7.62873580730082 0 28.6283894954869 0 9.98477371348867 0 0 0 0 0 0 0 0 0 0 0 0 0
0 0 0 0 0 0 0 0 0 0 2.80641985547742 0 0 0 0 0 0 0 0 0 0 0 0 0 0 0 0 0 0 0 0 0 0 0 0 0 0 0 0 0 0 0 0 0 0 0 0 0 0 0 0 0 0 3.00707804742124 0 0 0 0 0 0 0 0 0 0 0 0 0 0 3.63807258742735 0 0 0 0 0 0 0 0 0 0 0
0 0 0 0 0 0 0 0 0 0 0 0 0 7.43848167725248 0 0 6.9205898474522 17.3267902992626 0 4.90599707576484 8.10679985640296 0 0 0 0 0 0 0 0 0 0 0 0 0 0 0 0 0 0 0 0 0 0 0 0 0 0 0 0 0 0 0 0 13.3323556208218 0 0 0 0 0 0 0 0 0 0 0 0 0 0 0 0 0 0 0 0 0 0 0 0 0 0
0 0 0 0 0 0 0 0 0 0 0 0 0 0 0 0 0 0 0 0 0 0 0 0 0 0 0 0 0 0 0 0 0 4.56731225695587 0 0 0 0 0 0 0 0 0 0 0 2.7701627496606 0 0 0 0 0 0 0 0 0 0 0 4.62714974958687 0 0 0 0 15.8421288167677 0 5.40349582497851 0 0 0 0 0 0 0 0 0 0 0 0 0 0 0
0 0 0 0 0 0 0 0 0 0 0 0 0 10.5565651654465 0 0 0 14.7476111357242 0 12.7163556784412 0 0 0 0 0 0 0 0 0 0 0 0 0 0 0 0 0 0 0 0 0 0 0 0 0 0 0 0 9.92976062981825 5.94111543484293 0 0 7.2728896641476 0 0 0 0 0 0 0 0 0 0 0 0 0 0 0 0 0 0 0 0 0 0 0 0 0 0 0
0 0 0 0 0 0 0 0 0 0 0 0 0 0 8.11076193905184 14.2409746360134 0 15.9618871976679 0 7.89918532270352 7.35887231736193 0 0 3.89593309419048 0 0 0 0 0 0 0 0 0 0 0 0 0 0 0 0 0 0 0 0 0 0 0 0 23.3189478747358 0 5.11974490463743 6.27482284327743 0 0 0 0 0 0 0 0 0 0 0 0 0 0 0 0 0 0 0 0 0 0 0 0 0 0 0 0
0 0 0 0 0 0 0 0 0 0 0 0 0 0 0 0 0 0 0 0 0 0 0 0 0 0 0 0 0 0 0 0 0 0 0 0 0 0 0 3.5488519143308 0 0 0 0 0 0 0 0 0 0 0 0 0 0 0 0 0 0 0 5.67916707244181 0 0 6.16239853639797 0 22.5690518799756 3.40671834182032 0 0 0 0 0 0 0 0 0 0 0 0 0 0
0 0 0 0 0 0 0 0 0 0 0 0 0 0 0 0 0 0 0 0 0 0 0 0 0 0 0 0 0 0 0 0 0 4.68441545861827 0 0 0 0 0 6.21004514681966 0 0 0 0 0 0 0 0 0 0 0 0 0 0 0 0 0 0 7.3798366531553 0 0 4.7216304744154 0 0 0 0 0 0 0 0 0 0 0 0 0 0 0 0 0 0
0 0 0 0 0 0 0 0 0 0 0 0 0 0 0 0 0 0 0 0 0 0 0 0 0 0 0 0 0 0 0 0 0 0 0 0 0 0 0 0 0 0 0 0 0 0 0 0 0 0 0 0 0 0 0 0 0 0 12.7570004005448 0 0 13.6831360096103 0 0 0 0 0 0 0 0 0 0 0 0 0 0 0 0 0 0
0 0 0 0 0 0 0 0 0 0 0 0 0 0 0 0 0 0 0 0 0 0 0 0 0 0 0 0 0 0 0 0 0 0 0 0 0 0 0 0 0 0 0 0 0 0 0 0 0 0 0 0 0 0 0 0 0 0 0 0 0 10.3924789051073 0 9.59840166400794 0 7.99631550831274 0 0 0 0 0 0 0 0 0 0 0 0 0 0
0 0 0 0 0 0 0 0 0 0 0 0 0 0 0 0 0 0 0 0 0 0 0 0 0 0 0 0 0 0 0 0 0 0 0 0 0 0 0 0 0 0 0 0 0 0 0 0 4.62419083286027 0 0 0 0 0 0 0 0 0 0 0 26.5194168686993 0 24.2823901929444 0 6.29019304471726 0 2.91330134149929 0 7.90402571112295 0 0 0 0 0 0 0 0 0 0 0
0 0 0 0 0 0 0 0 0 0 0 0 0 0 0 0 0 0 0 0 0 0 0 0 0 0 0 0 0 0 0 0 0 0 0 0 0 0 0 0 0 0 0 0 0 0 0 0 0 0 0 0 0 0 0 0 0 0 0 0 14.1869050953449 0 10.2359070090125 7.7169769698431 0 0 1.99811531153278 0 0 0 0 0 0 0 0 3.01078011953541 0 0 0 0
0 0 0 0 0 0 0 0 0 0 0 0 0 0 0 0 0 0 0 0 0 0 0 0 0 0 0 0 0 0 0 0 0 0 0 0 0 0 0 2.52845721033844 0 0 0 0 0 0 0 0 0 0 0 0 0 0 0 0 0 0 0 0 0 26.3082396681354 8.1448490524171 8.84043870829376 4.68679071806853 0 0 0 0 0 0 0 0 0 0 0 0 0 0 0
0 0 0 0 0 0 0 0 0 0 0 0 0 0 0 0 0 0 0 0 0 0 0 0 0 0 0 0 0 0 0 0 0 0 0 0 0 0 0 5.77230236398763 0 0 0 0 0 0 0 0 0 0 0 0 0 0 0 0 0 0 0 0 0 8.30265953588365 6.71638540395094 0 8.36399030721377 0 0 3.57914368767907 0 0 0 0 0 0 0 0 0 0 0 0
0 0 0 0 0 0 4.88032974974132 0 0 0 0 0 0 0 10.6225146981443 10.3927129320688 6.60922284417166 5.09291747282369 0 7.2743566631627 8.63383764740276 0 14.3137479255724 0 0 0 0 0 0 0 0 0 0 0 0 0 0 0 0 0 0 0 0 0 0 0 0 0 0 0 0 0 0 3.45394855503659 0 0 0 0 0 0 0 0 0 0 0 0 0 0 0 0 0 0 0 0 0 0 0 0 0 0
0 0 0 0 0 0 0 0 0 0 0 0 0 0 0 0 0 0 0 0 0 0 0 0 0 0 5.05919678987733 0 0 0 0 0 0 0 0 0 0 0 0 0 0 0 0 0 0 0 0 0 0 0 0 0 0 0 0 0 0 0 0 9.04739425430122 0 0 7.17781804024988 0 9.97312669879431 0 8.43112205302621 6.04860975336173 0 0 0 0 0 0 0 0 0 0 0 0
0 0 0 0 0 0 0 0 0 0 0 0 0 0 0 5.94310535313696 10.7093963285143 0 12.6180065099716 0 7.62964124171311 9.53130009289632 0 0 0 0 0 0 0 0 0 0 0 0 0 0 2.66372367419167 0 0 0 0 0 0 0 0 0 0 0 7.65417860286894 0 8.34175601879847 10.7452631835977 0 10.9442393743509 0 0 0 0 0 0 0 3.24818074726465 0 0 0 0 0 0 0 0 0 0 0 0 0 0 0 0 0 0
0 0 0 0 0 0 0 0 0 0 0 0 0 0 0 0 0 0 0 0 0 0 0 0 0 0 0 0 0 0 0 0 0 0 0 0 0 0 0 0 0 0 0 0 0 0 0 0 0 0 0 0 0 0 0 0 0 0 0 0 0 17.0754921991302 0 13.1222850149229 0 0 0 0 0 0 0 0 0 0 0 0 0 0 0 0
0 0 0 0 0 0 0 0 0 0 0 0 0 0 0 0 0 0 0 0 0 0 0 0 0 0 0 0 0 0 0 0 0 0 0 4.83138256113437 0 0 0 0 0 0 0 0 0 0 7.14095568022254 0 25.307079411799 0 0 0 0 0 0 0 0 0 0 0 0 0 0 0 0 0 0 0 0 0 0 0 0 0 0 0 0 0 0 0
