0 0 0 0 0 0 0 0 0 0 0 0 0 0 0 7.68548951024113 0 0 0 0 0 0 0 0 0 0 0 0 0 0 0 0 0 0 0 0 0 0 0 0 0 0 0 0 0 0 0 0 0 0 0 0 0 0 0 0 0 0 0 0 0 0 0 0 0 0 0 0 0 0 0 0 0 0 0 0 0 0 0 0
0 0 0 0 0 0 0 0 0 0 0 0 0 0 0 0 0 0 9.30783681015606 0 10.9272374546483 0 2.83291060331946 0 0 0 0 0 2.13444470256712 0 0 0 0 0 0 0 2.24201338137092 0 0 0 0 0 0 0 0 0 0 0 0 0 10.9244811691101 0 0 0 0 0 0 0 0 0 0 0 0 0 0 0 0 0 0 0 0 0 0 0 0 0 0 0 0 0
0 0 0 0 0 0 0 0 0 0 0 0 0 0 0 0 5.31422935251076 25.5757792824638 6.40811840749307 0 0 0 0 0 0 0 0 0 0 0 0 0 0 0 0 0 0 0 0 0 0 0 0 0 0 0 0 3.69747017433185 0 0 0 0 0 0 0 0 0 13.8238298581696 0 0 0 0 0 0 0 0 0 0 0 0 0 0 0 0 0 0 0 0 0 0
0 0 0 0 0 0 0 0 0 0 0 0 0 0 0 0 0 0 0 0 0 0 0 4.27890546101768 0 0 0 0 0 0 0 0 0 2.46341192043915 0 0 0 0 0 0 0 0 0 0 0 0 0 0 0 0 0 4.44710151187889 0 0 0 0 0 0 0 0 0 0 0 0 0 0 0 0 0 0 0 0 0 0 0 0 0 0 0 0
0 0 0 0 0 0 0 0 0 0 0 0 0 0 0 0 0 0 0 7.08806238096928 0 0 0 0 0 0 0 0 0 0 0 0 0 0 0 0 0 0 0 0 0 0 0 0 0 0 0 4.70963161182157 0 0 2.97599043462789 0 0 0 0 0 0 0 0 0 0 0 0 0 0 0 0 0 0 0 0 0 0 0 0 0 0 0 0 0
0 0 0 0 0 0 0 0 0 0 0 0 0 0 0 0 0 4.40507930670461 0 3.87228483350644 0 0 0 0 0 0 0 0 0 0 0 0 0 0 0 0 0 0 0 0 0 0 0 0 0 0 0 0 9.14160102657388 0 0 0 0 0 0 0 0 0 0 0 0 0 4.28230347321979 0 0 0 0 0 0 0 0 0 2.60425286861926 0 0 0 0 0 0 0
0 0 0 0 0 0 0 0 0 0 0 0 0 0 0 6.47683367065404 30.5921747834519 0 6.01087931235973 0 23.1314267029636 0 0 0 0 0 0 0 0 0 0 0.738443620245611 0 0 0 0 0 0 0 0 0 0 0 0 0 0 0 0 0 0 0 0 0 0 0 0 0 0 0 0 0 6.26757169113404 0 0 0 0 0 0 0 0 0 0 0 0 0 0 0 0 0 0
0 0 0 0 0 0 0 0 0 0 0 0 0 0 0 9.53311175768458 5.04242937830372 24.7410514248733 3.69118627504515 0 0 0 0 0 0 0.464847764436769 0 0 0 0 0 0 0 0 0 0 0 0 0 0 0 0 0 0 0 0 0 0 0 0 0 0 0 0 0 0 0 0 0 0 0 0 0 0 0 0 0 0 0 0 0 0 0 0 0 0 0 0 0 0
0 0 0 0 0 0 0 0 0 0 0 0 0 6.15566300588673 0 10.7251571129606 0 13.661789972942 0 0 0 0 0 0 0 0 0 0 0 0 0 0 0 0 0 0 0 0 0 0 0 0 0 0 0 0 0 0 0 0 0 0 0 0 0 0 0 0 0 0 0 0 0 0 0 0 0 0 0 0 0 0 0 0 0 0 0 0 0 0
0 0 0 0 0 0 0 0 0 0 0 0 0 0 0 7.99906633199607 0 0 8.75034915005398 0 0 0 0 4.13612656072422 0 0 0 0 0 0 0 0 0 0 0 0 0 0 0 0 0 0 0 0 0 0 0 0 0 0 0 4.52509392039523 0 0 0 0 0 0 0 0 0 2.02275988713572 0 0 0 0 0 0 0 0 0 0 0 0 0 0 0 0 3.53225113218726 0
0 0 0 0 0 0 0 0 0 0 0 0 0 0 0 0 12.2076007266349 6.8984428555416 0 0 0 0 0 0 0 0 0 0 0 0 2.20056029869177 0 0 0 0 0 0 0 0 0 0 0 0 0 0 0 0 0 0 6.81445442568333 0 4.06704429790338 0 0 0 0 0 0 0 0 0 0 0 0 0 0 0 0 5.00017668710318 0 0 0 0 0 0 0 3.88014983375756 0 0 0
0 0 0 0 0 0 0 0 0 0 0 0 0 0 0 0 30.5161111120654 10.8968656365026 1.1682273226126 0 0 0 0 0 0 0 0 0 0 0 0 4.02869624468007 0 0 0 0 0 0 0 0 0 0 0 0 0 2.69849887692302 0 0 0 0 0 0 0 0 0 0 0 0 3.82754525999408 0 0 0 0 0 0 0 0 0 0 0 0 0 0 0 0 0 0 0 0 0
0 0 0 0 0 0 0 0 0 0 0 0 0 0 0 0 0 7.16964668693562 0 5.98516811958521 12.4960974784881 0 0 0 0 0 0 0 0 0 0 0 0 0 0 0 0 0 0 0 0 0 0 0 0 0 0 0 8.43678008140226 0 0 5.35058957281341 0 0 0 0 0 0 0 0 0 0 0 0 0 0 0 0 0 0 0 0 0 0 0 0 0 0 0 0
0 0 0 0 0 0 0 0 0 0 0 0 0 0 7.25654716386394 0 0 0 0 0 0 3.60583032513814 0 0 0 0 0 0 0 0 0 0 0 0 0 0 0 0 0 0 0 0 0 0 0 0 0 0 0 0 0 0 0 0 0 0 0 8.56595005946521 0 28.0024465062348 4.88623353293477 0 8.93966933912004 5.59768791028887 0 7.36267800604253 0 10.3671579740752 0 0 0 0 0 0 0 0 0 0 0 0
0 0 0 0 0 0 0 0 0 0 0 0 0 0 0 9.74416053772704 6.09226139984389 9.26572335419852 6.12278791382619 1.69754366134302 0 0 0 0 1.32502452890564 0 0 0 0 0 0 0 0 0 1.78983581827647 0 0 0 0 0 0 0 0 0 0 0 0 0 0 0 0 0 0 0 0 0 0 0 0 0 0 0 0 0 0 0 0 0 0 0 0 0 0 0 0 0 0 0 0 0
0 0 0 0 0 0 0 0 0 0 0 0 0 0 0 12.8485352481446 5.192268763799 22.3830584694104 7.32221490761729 1.21774288924019 4.54331017252266 0 0 0 0 0 0 0 0 0 0 0 0 0 0 0 0 2.95730582753955 0 0 0 0 0 0 0 0 0 0 0 0 0 0 0 0 0 0 0 0 0 0 0 0 0 4.41730648463176 0 0 0 0 0 0 0 0 0 0 0 4.90205560150814 0 0 0 0
0 0 0 0 0 0 0 0 0 0 0 0 0 0 0 0 0 0 0 0 0 0 4.19047916419998 0 0 0 0 0 0 0 0 0 0 0 4.8782535762841 0 0 0 0 0 0 0 0 0 0 0 0 0 0 0 0 0 0 0 0 0 0 14.6787953806651 8.38784941325465 12.7589041068579 22.0361371593753 0 5.50403915953935 4.88803542390171 6.97685229277185 1.40422064759322 20.3892200927822 0 0 0 0 0 0 0 0 0 0 0 0 0
0 0 0 0 0 0 0 0 0 0 0 0 0 0 0 6.15770858678433 10.7900024432772 21.3311422255066 3.17699083298764 5.66775677730272 7.91862729804166 0 0 0 0 0 0 0 0 0 0 0 0 0 0 0 0 0 0 0 0 0 0 0 0 0 0 0 0 0 0 0 0 0 0 0 2.31336056196457 0 0 0 0 0 0 0 0 0 0 0 0 0 0 0 0 0 0 0 0 0 0 0
0 0 0 0 0 0 0 0 0 0 4.11703231638105 0 0 0 0 0 14.7143201832063 0 14.4288174790969 20.5147924402793 0.477944032349612 0 0 0 0 0 0 0 0 0 0 0 0 0 0 0 0 0 0 0 0 0 0 0 0 0 0 0 0 0 0 0 0 0 0 0 3.02407991517413 0 0 0 0 0 0 0 0 0 0 0 0 0 0 0 2.67805353724143 0 0 0 0 0 0 0
0 0 0 0 0 0 0 0 0 0 0 0 4.09328246731633 0 8.14146377865008 0 10.148821070811 0 6.74430172472552 7.15474921980321 6.44927474596321 0 0 0 0 0 0 0 0 0 0 0 0 0 0 0 0 0 0 0 0 0 0 0 0 0 0 3.8756876772999 0 0 0 0 0 0 0 0 0 0 0 0 0 0 0 0 0 0 0 0 0 0 0 0 0 0 0 0 0 0 0 0
0 0 0 0 0 0 0 0 5.32469842041242 0 0 0 0 0 6.87046829558042 4.23703854869683 0 10.1741317652568 8.98186459271161 6.40570794631302 0 0 0 0 0 0 0 0 0 0 0 0 0 0 0 0 0 0 0 0 0 0 0 0 0 0 0 0 0 0 0 0 0 0 2.69704447721933 0 0 0 0 0 4.30868716854949 0 0 0 0 0 0 0 0 0 0 0 0 0 0 0 0 0 0 0
0 0 0 0 0 0 0 0 0 0 0 0 0 0 0 27.9547663426495 6.95026757307115 0 3.52522885171904 4.78610427624218 0 0 0 0 0 0 0 0 0 0 0 0 0 0 0 0 0 0 0 0 0 0 0 0 0 0 0 0 22.394255407152 0 0 2.35997289986324 0 0 0 0 0 3.19294851765729 0 0 0 0 0 0 0 0 0 0 0 0 0 0 0 0 0 0 0 0 0 0
0 0 0 0 0 0 0 0 0 0 0 0 0 0 0 0 13.5263296594655 8.92847985480964 0 11.3429747382575 0 0 0 0 0 0 0 0 0 0 0 0 0 0 0 0 0 0 0 0 0 0 0 0 0 0 0 0 0 0 0 0 0 0 0 0 0 0 0 0 0 0 0 0 0 0 0 0 0 0 0 0 0 3.65644989901711 0 0 0 0 0 0
0 0 0 0 0 0 0 0 0 0 0 0 0 0 0 8.78477173513214 6.66707480339256 8.83668959730692 0 4.66854081340351 0 0 0 0 2.45036275742638 0 0 0 0 0 0 0 0 0 0 0 0 0 0 0 0 0 0 0 0 0 0 0 0 0 0 8.96903877940306 0 0 0 2.01705421683334 0 0 0 0 0 0 0 0 0 0 0 0 0 0 0 0 0 0 0 0 0 0 0 0
0 0 0 0 0 0 0 0 0 0 0 0 0 0 0 0 14.8018161920026 22.7724911176151 6.84790801410765 19.845844004604 0 0 0 0 0 0 0 0 0 0 0 0 0 0 0 0.749868873710566 0 0 0 0 0 0 0 0 0 0 0 0 0 0 0 0 0 0 0 0 0 0 0 0 0 0 0 0 0 0 0 0 0 0 0 0 0 0 0 0 0 0 0 0
0 0 0 0 0 0 0 0 0 0 0 0 0 0 0 0 0 0 0 0 0 0 0 0 0 0 0 0 0 2.67443328800791 0 0 4.19788491293325 0 0 0 0 0 0 0 0 22.4753156883251 0 9.075290038982 0 0 6.2264567724946 9.38445337805996 0 5.8199753701978 0 0 0 0 0 0 0 0 0 0.845154937897302 0 0 0 0 0 0 0 0 0 0 0 0 0 0 0 0 0 0 3.6415722491583 0
0 0 0 0 0 0 0 0 0 0 0 0 0 0 0 0 0 0 0 0 0 0 0 4.90640221725525 0 0 0 0 0 0 0 0 0 0 0 0 2.68614131794936 0 0 0 0 0 0 0 0 0 0 0 0 0 0 0 2.70970891834442 0 0 0 0 0 5.98270079977027 26.5032681889319 19.8769119944316 1.22162522992643 1.29709230430647 0 9.85535913734029 0 2.26037143604141 0 0 0 0 0 0 0 0 0 0 0 0 0
0 0 0 0 0 0 0 0 0 0 0 0 0 0 0 0 0 0 0 0 0 0 0 0 0 0 0 0 0 0 0 0 0 0 0 0 0 0 0 0 0 0 0 0 0 0 0 0 0 0 14.9660566011146 0 0 0 0 0 0 0 0 0 0 0 0 0 0 0 0 0 0 0 0 0 0 0 0 0 0 0 0 0
0 0 0 3.26908753958183 0 0 0 0 0 0 0 0 0 0 0 0 0 0 0 0 0 0 0 0 0 0 0 0 0 0 0 0 0 0 0 0 0 0 0 0 0 0 0 0 10.4891840718516 0 0 0 0 0 0 12.2217321706435 0 0 0 0 0 0 0 0 0 0 0 0 0 0 0 0 0 0 0 0 0 0 0 0 0 0 0 0
0 0 0 0 0 0 0 0 0 0 0 0 0 0 0 0 0 0 0 0 0 0 0 0 0 0 0 0 0 0 0 0 0 0 0 0 0 0 0 0 0 0 0 0 0 0 0 0 0 2.23294852060452 0 0 0 0 0 0 0 4.98122945256075 9.87883191966954 11.8205357336967 0 0 25.8940285935668 4.9057418004443 9.31093650694572 3.77633118483322 0 5.64894137695372 0 0 0 0 0 0 0 0 0 0 0 0
0 0 0 0 0 0 0 0 0 0 0 0 0 0 0 4.85760187315044 0 0 0 0 0 0 3.41409622540862 0 0 0 0 0 0 0 0 0 0 0 0 0 0 0 0 0 0 0 13.0490580775191 0 0 12.5985943848216 20.3618482178043 0 1.68001503653048 0 0 0 0 0 0 0 0 0 0 0 0 0.814861260092279 0 0 0 0 0 0 0 0 0 0 0 0 0 0 0 0 0 0
0 0 0 0 0 0 0 0 0 0 0 0 0 0 0 0 0 0 0 0 0 0 0 0 0 0 0 0 0 0 0 0 0 0 0 0 0 0 0 0 0 0 0 0 0 0 16.4744987045883 0 0 27.7022645110729 12.1884083734303 0 0 0 0 0 0 0 0 0 0 0 0 0 0 0 0 0 0 0 0 0 0 0 0 0 0 0 0 0
0 0 0 0 0 0 0 0 0 0 0 0 0 0 6.09038139077315 13.1072086921447 0 0 14.2457308237807 6.92219493106274 3.39680756942168 0 0 0 0 0 0 0 0 0 0 0 0 0 0 2.75067280207412 0 0 0 0 0 0 0 0 0 0 0 0 0 0 0 0 0 0 0 0 0 0 0 0 0 0 0 0 0 0 0 0 0 0 0 0 0 0 0 0 0 0 0 0
0 0 0 0 0 0 0 0 0 0 0 0 0 0 0 0 0 0 0 0 0 0 0 0 2.31182284701639 0 0 0 0 0 2.56276725478875 0 0 0 0 0 0 0 0 0 0 0 0 0 0 0 0 0 0 7.74846674309712 12.173344399495 0 0 0 0 0 0 0 0 0 0 1.31717125371318 0 0 0 0 0 0 0 0 0 0 0 0 0 0 0 0 0 0
0 0 0 0 0 0 0 0 0 3.54853165181519 0 0 0 0 0 0 4.06148780371259 0 0 0 0 0 0 0 0 0 0 0 0 0 0 0 0 0 0 0 0 0 0 2.51012976967528 0 0 0 0 10.7418110967371 0 5.80607620711556 0 0 0 7.78109094733998 0 0 0 0 0 0 0 0 0 0 0 0 0 0 0 0 0 0 0 0 0 0 0 0 0 0 0 0 0
0 0 0 0 0 0 0 0 0 0 0 0 0 0 0 0 0 0 0 0 3.93744253854638 0 0 2.93456253054455 0 0 0 0 0 0 0 0 0 0 0 0 0 0 0 0 0 0 0 4.22521327595834 24.7399629884182 0 0 6.19122027276627 0 12.1212980606188 3.38711332439296 9.76117795252902 0 0 0 0 0 0 0 0 0 0.797220725232943 0 0 0 0 0 0 0 0 0 0 0 0 0 0 0 0 0 0
0 0 0 0 0 0 0 0 0 0 0 0 0 0 0 0 0 0 4.08957364815459 0 0 0 0 0 0 0 0 0 0 0 0 0 0 0 0 0 0 0 0 0 0 0 0 0 0 5.84252012465205 0 0 0 0 0 0 0 0 0 0 0 0 0 0 0 0 0 0 0 0 0 0 0 0 0 0 0 0 0 0 0 3.25706059770114 0 0
0 0 0 0 0 0 0 0 0 0 0 0 0 0 0 0 0 0 0 0 0 0 0 0 0 0 0 0 0 0 0 0 0 0 0 0 0 0 0 0 0 0 0 8.4968707019407 0 9.69630630217173 0 8.84533379771949 0 0 8.3259191100107 0 0 0 0 1.51909918561712 0 0 0 0 0 0 0 0 0 0 0 0 0 0 0 0 0 0 0 0 0 0 0 0
0 0 0 0 0 0 0 0 0 0 0 0 0 0 0 0 0 0 0 4.66371784348056 0 0 0 0 0 0 0 0 0 0 0 0 0 0 0 0 0 0 0 0 0 0 0 0 0 0 11.8779436428902 0 0 17.4603651689952 2.73490431792318 0 0 0 0 0 0 0 0 0 0 0 0 0 0 0 0 0 0 3.17981971077359 0 0 0 0 0 0 0 0 0 0
0 0 0 0 0 0 0 0 0 0 0 0 0 0 0 0 0 0 0 0 0 0 0 0 0 0 0 0 0 0 0 0 0 0 0 0 3.37650169603584 0 0 0 0 0 0 0 6.08410601685301 0 7.65120438772334 0 0 12.2999285175435 9.87797374092693 0 0 0 0 0 0 0 0 0 0 0 0 0 0 0 0 0 0 0 0 0 0 0 0 0 0 0 0 0
0 0 0 0 0 0 0 0 0 0 0 0 0 0 4.70877935835185 0 10.7555190341942 4.13554008401194 0 10.4590327234226 0 0 0 0 0 0 0 0 0 0 0 0 0 0 0 0 0 0 0 0 0 0 0 0 0 0 0 0 0 0 0 0 0 0 0 0 0 0 0 0 0 0 0 0 0 0 0 0 0 0 0 0 0 0 0 0 0 0 0 0
0 0 0 0 0 0 0 0 0 0 0 0 0 2.96053814787114 0 0 0 0 0 0 0 2.85124678113188 0 0 0 0 0 0 0 0 0 0 0 0 0 0 0 0 0 0 0 0 0 0 0 0 0 0 0 0 0 0 0 0 0 0 0 9.80719262654038 13.1363921027849 0 10.8316093858595 9.67443846158849 21.0162082731003 5.25474628527916 0 6.11073301917303 4.8954189298085 0 0 0 0 0 0 0 0 0 0 0 0 0
0 0 0 0 0 0 0 0 6.53861321482145 0 0 0 4.81661194075749 0 0 0 0 0 0 0 0 0 0 0 0 0 0 0 0 3.14223516251727 0 0 0 0 0 0 0 0 2.75999111800698 0 0 0 0 0 8.47495722663581 0 4.13498260557722 8.89859550849465 0 0 0 5.24038384007838 3.44086095270686 0 0 0 0 0 0 0 0 1.94327807685665 0 0 0 0 0 0 0 0 0 0 0 0 0 0 0 0 0 0
0 0 0 0 2.7093355168478 0 0 0 0 0 0 0 0 0 0 0 0 0 0 0 0 0 0 0 0 0 0 0 0 0 0 0 0 0 0 0 0 0 0 0 0 0 0 0 0 0 0 0 0 0 0 0 0 0 0 0 0 0 0 0 0 0 0 0 0 0 0 0 0 0 0 0 0 0 0 0 0 0 0 0
0 0 0 0 0 0 0 0 0 0 0 0 0 0 0 0 0 0 0 0 0 0 0 0 0 0 0 0 0 0 0 0 0 0 0 0 0 0 0 0 0 0 8.83685867624713 0 0 0 7.93662357027664 0 0 0 0 0 0 0 0 0 0 0 0 0 0 1.77888714440803 0 0 0 0 0 0 0 0 0 0 0 0 0 0 0 0 0 0
0 0 0 0 0 0 0 0 0 0 0 0 3.15802791913764 0 0 0 0 25.7194857184354 7.45485088295463 0 0 1.49863086730093 0 0 0 0 0 0 0 0 0 0 0 0 0 0 0 0 0 0 4.06401274922432 0 0 0 0 0 0 0 0 0 0 6.07405784720372 0 0 0 0 0 0 0 0 0 0 0 0 0 0 0 0 0 0 0 0 0 0 0 0 0 0 0 0
0 0 0 0 0 0 0 0 0 0 0 0 0 0 0 0 0 0 0 0 0 0 0 0 0 0 0 0 0 0 0 0 0 0 0 0 0 0 0 0 0 0 0 0 0 0 0 0 0 0 0 0 0 0 0 0 0 30.0298307840452 0 5.78611314009893 5.17553110092472 0 5.70316018285522 8.25305128389487 2.29156708853505 2.31972235835289 3.48981213248098 0 0 0 0 0 0 0 0 0 0 0 0 0
0 0 0 0 0 0 0 0 0 0 0 3.89867271159327 0 0 0 0 5.45821757179047 0 5.12288970923194 21.5328691592271 0 0 0 0 0 0 0 1.70259074574356 0 0 0 0 0 0 0 0 0 1.54151207569416 0 0 0 0 0 0 0 0 0 0 26.2023048618265 0 0 0 0 0 0 0 0 0 0 0 0 0 0 0 0 0 1.58364638508104 0 0 0 0 0 0 0 0 0 0 0 0 0
0 0 0 0 0 2.08953822766724 0 0 0 0 0 0 0 0 0 0 0 13.2177649941013 10.2544348891611 4.76321919279338 21.3487405912926 0 0 0 0 0 0 0 0 0 2.07973921692103 0 0 0 0 0 0 0 0 0 0 0 0 0 0 0 0 0 0 5.30977031971086 3.69271020759902 0 0 0 0 0 0 0 0 0 0 0 0 0 0 0 0 0 0 0 0 0 0 0 0 0 0 0 0 0
0 0 0 0 0 0 0 0 0 0 0 0 0 0 0 0 0 0 0 0 0 0 0 0 0 0 0 0 0 0 0 0 0 0 0 0 0 0 0 0 0 0 0 0 0 0 27.220380850176 3.4334760000593 0 0 0 0 0 0 1.69118205273974 0 0 0 0 4.02250181280546 0 0 0 0 0 0 0 0 0 0 0 0 0 0 0 0 2.41188642614646 0 0 0
0 0 0 0 0 0 0 0 0 0 0 0 0 0 0 0 0 0 0 0 3.34418296420057 0 0 0 0 0 0 0 0 3.30940094878222 0 0 0 0 0 0 0 0 0 0 0 0 0 11.8639437175467 12.3571272742258 0 0 0 0 0 11.4118927675788 23.7236192767216 0 0 0 0 0 0 0 0 0 0 0 0 0 4.09653565535085 0 0 0 0 0 0 0 0 0 0 0 0 0 0
0 0 0 0 0 0 0 0 0 0 0 0 0 0 0 0 0 0 0 0 0 0 0 0 0 0 0 0 0 0 0 0 0 0 3.50250497116277 0 0 0 3.41021354918534 0 0 0 0 0 10.1026184521231 0 0 0 22.9617836694015 0 8.76315318983137 0 0 0 0 0 0 0 0 1.83344460194851 0 0 0 0 0 0 0 0 0 0 0 0 5.55013262650323 0 0 0 0 0 0 0
0 0 0 0 0 0 0 0 0 3.11449072401955 0 0 0 0 0 0 0 0 0 0 0 0 0 0 0 0 0 0 0 0 0 0 0 0 0 0 0 0 0 0 0 0 0 0 0 0 0 0 0 0 0 0 4.66470134853291 0 0 0 0 0 0 0 0 0 0 0 0 0 0 0 0 0 0 3.73733809298163 0 0 0 0 0 0 0 0
0 0 0 0 0 0 0 0 0 0 0 0 0 0 0 0 0 0 0 0 0 0 0 0 0 0 0 0 0 0 0 0 0 0 0 0 0 0 0 0 0 0 6.64553013261303 0 5.28212536896635 4.35164035008998 0 0 0 10.2513436009386 0 0 0 0 0 0 0 0 0 0 0 0 0 0 0 0 0 0 0 0 0 0 0 0 0 0 0 0 0 0
0 0 0 0 0 0 0 0 0 0 0 5.01392652371098 0 0 0 0 3.01805079714537 0 0 0 0 0 0 0 0 0 0 0 0 0 0 0 0 0 0 0 0 0 0 0 0 0 0 24.0211446530084 0 7.55242223549019 0 21.641772053498 0 0 8.69911266878517 0 0 0 0 0 0 0 0 0 0 0 0 2.08452510544364 0 0 0 0 0 0 0 0 0 0 0 0 0 0 0 0
0 0 0 0 0 0 0 0 0 0 0 0 0 0 0 0 0 0 0 0 3.53103981947649 0 0 0 0 0 0 0 0 0 0 0 0 0 0 0 0 0 0 0 0 0 0 0 11.5178102240748 0 0 0 0 0 11.571479297145 21.0896860566699 0 0 0 0 0 0 0 0 0 0 0 0 0 0 0 0 0 0 0 0 0 0 0 0 0 0 0 0
0 0 0 0 0 0 0 0 0 0 0 0 0 0 2.42994576352594 0 0 0 0 0 0 2.37338063676374 0 0 0 0 0 0 0 0 0 0 0 0 0 0 0 0 0 0 0 0 0 0 7.84460189448758 0 0 10.1310204238398 0 9.44085217494871 0 0 0 0 0 0 0 0 0 0 0 0 0 0 0 0 0 0 0 0 0 0 0 0 0 0 0 0 0 0
0 0 0 0 0 0 0 0 0 0 0 0 0 0 0 0 0 0 0 0 0 0 0 0 0 0 0 0 0 0 0 0 0 0 0 0 0 0 0 0 0 0 0 6.65080853627675 0 13.0871348375802 0 0 0 14.5819041716875 0 0 0 0 0 0 0 0 0 0 0 0 0 0 0 0 0 0 0 0 0 0 0 0 0 0 0 0 0 0
0 0 0 0 0 0 0 0 0 0 0 0 0 0 0 0 0 0 0 0 0 0 0 0 0 0 0 0 0 0 0 0 0 0 0 0 0 0 0 0 0 0 0 0 0 0 0 0 0 0 0 0 0 0 0 0 0 0 5.24023323493625 10.2305539072103 0 14.4176429873551 7.58912502209339 3.71054533622173 0 5.14957494853533 4.40516665805787 0 0 0 0 0 0 0 0 0 0 0 0 0
0 0 0 0 0 0 0 0 0 0 0 0 0 0 0 0 0 0 0 0 0 0 0 0 0 0 0 0 0 0 0 0 0 0 0 0 0 0 0 0 0 0 0 0 0 0 0 0 0 0 0 0 0 0 0 0 0 9.35715624074267 0 10.3928246515687 6.71106682737682 10.9466371499773 5.64352105537728 2.31237806628579 0 8.70452962157531 6.84651921271758 8.25986195377812 0 0 0 0 0 0 0 0 0 0 0 0
0 0 0 0 0 0 0 0 0 0 0 0 0 0 0 2.56351945687979 0 0 0 0 0 0 0 0 0 0 0 0 0 0 0 0 0 0 0 0 0 0 0 0 0 0 0 0 0 8.23821504747543 0 0 0 0 0 0 0 0 0 0 0 0 0 0 0 0 0 0 0 0 0 0 2.15486602398227 0 0 0 0 0 0 0 0 0 0 0
0 0 0 0 0 0 0 0 0 0 0 0 0 0 0 0 0 0 0 0 0 0 3.25007653377458 0 0 0 0 0 0 0 0 0 2.89463273777283 0 0 0 0 0 0 0 0 0 0 13.8445453503645 5.57089918755369 22.3676355079515 0 0 0 8.89135006459568 0 0 0 0 0 0 0 0 0 0 0 0 0 0 0 0 0 0 0 0 0 0 0 0 0 0 0 0 0 0
0 0 0 0 0 0 0 0 0 0 0 0 0 0 0 0 0 3.1998410555625 0 0 2.8275684911474 0 0 0 0 0 0 0 0 0 0 0 0 0 0 0 0 0 0 0 0 0 0 0 5.93841410310037 27.616105428633 0 0 0 0 0 8.9409043380507 8.37633508616373 0 0 0 0 0 0 0 0 0 0 0 0 0 0 0 0 0 0 0 0 0 0 3.14374104358419 0 0 0 0
0 0 0 0 0 0 0 0 0 0 0 0 0 0 0 0 0 0 0 0 0 0 0 0 0 0 0 0 0 0 0 0 0 0 0 0 0 0 0 0 0 0 0 9.68465084775189 0 0 0 0 0 5.90937976814898 7.09180194571966 0 0 0 0 0 0 0 0 0 0 0 0 0 0 0 0 0 0 0 0 0 0 0 0 0 0 0 0 0
0 0 0 0 0 0 0 0 0 0 0 0 0 0 0 0 0 0 0 0 0 0 0 0 0 0 0 0 0 0 0 0 0 0 0 0 0 0 0 0 0 0 0 0 0 0 0 0 0 27.7663347292533 0 0 0 0 0 0 0 0 0 0 0 0 0 0 0 0 0 0 0 0 0 0 0 0 0 0 0 0 0 0
0 0 0 4.17795421474273 0 0 0 0 0 0 0 0 0 3.01595426307622 0 0 0 0 0 0 0 0 0 0 0 0 0 0 0 0 0 0 0 0 0 0 0 0 0 0 0 0 0 0 0 9.32841723832732 0 0 27.8252410409186 6.27179162956068 2.68744609110322 0 0 0 0 0 0 0 0 0 0 0 0 3.1410958283156 0 0 0 0 0 0 0 0 0 0 0 0 0 0 0 0
0 0 0 0 0 0 0 0 0 0 0 0 0 0 0 0 0 0 0 0 0 0 0 0 0 0 0 0 0 0 0 0 0 0 0 0 0 0 0 0 0 0 0 13.4991546057136 0 0 0 0 0 0 7.56385106036889 0 0 0 0 0 0 0 0 0 3.88623632899969 0 0 0 0 0 0 0 0 0 0 2.7258274943498 0 0 0 0 0 0 0 0
0 0 0 0 0 0 0 0 0 0 0 0 0 0 0 0 0 0 0 0 0 0 0 0 0 0 0 0 0 0 0 0 0 0 0 0 0 0 0 0 0 0 0 0 0 0 0 0 0 0 0 0 0 0 0 0 0 5.90353756457149 0 7.55256294276898 8.24886952849086 4.10550653143757 0 12.3875876329902 4.92344613794859 0 7.77811118966918 0 0 0 0 0 0 0 0 0 0 0 0 0
0 0 0 0 0 0 0 0 0 0 0 0 0 0 0 0 0 0 0 0 0 0 0 0 0 0 0 0 2.79960619330014 0 0 0 0 0 0 0 0 0 0 0 0 0 0 0 0 0 0 0 0 0 0 0 0 0 0 0 0 28.1357960937085 0 0 4.00908840985999 22.4267780266863 19.9562997901907 2.46431706075082 0 0 0 0 0 0 0 0 0 0 0 0 0 0 0 0
0 0 0 0 0 0 0 0 0 0 0 0 0 0 0 0 0 10.7378135948315 0 0 0 0 2.26648442026007 0 0 0 0 0 0 0 0 0 0 0 0 0 0 0 3.0771711595925 0 0 0 0 0 0 0 0 0 0 0 0 0 0 0 0 1.83409111678474 0 0 0 0 0 0 0 0 0 0 0 0 0 0 0 0 0 2.58750128989866 0 0 0 0 0 0
0 0 0 0 0 2.47147305928424 0 0 0 0 0 0 0 0 0 3.42436804954867 0 0 0 0 2.96475302233828 0 0 0 0 0 0 0 0 0 0 0 0 0 0 0 0 0 0 0 0 0 0 0 0 0 0 0 0 0 0 0 0 0 0 0 0 11.0419761081942 0 24.5801618885578 3.47784187266708 0 7.93481366398766 0 3.88082497500012 0 4.83906363252029 0 8.55405916692228 0 0 0 0 0 0 0 0 0 0 0
0 0 0 0 0 0 0 0 0 0 0 0 0 0 0 0 0 0 0 0 0 0 0 4.897589764358 0 0 0 0 0 0 0 0 0 0 0 2.05297688519278 0 0 0 0 0 0 0 0 0 0 0 0 0 0 0 0 0 0 0 0 0 5.17148542437649 8.66503664144155 16.7498713179008 0 12.1097675845963 0 11.2531448672596 5.00951228274939 7.64773291549692 0 0 0 0 0 0.520183287007804 0 0 0 0 0 0 0 0
0 0 0 0 0 0 0 0 0 0 0 0 0 2.05223172573227 0 0 0 0 0 0 0 0 0 0 0 0 0 0 0 0 0 0 0 0 0 0 0 0 0 0 0 0 0 0 0 0 0 0 0 0 0 0 0 0 0 0 0 0 0 13.2232879995814 0 0 8.22764313437816 11.953272458153 0 10.1412904969005 0 0 0 0 0 0 0 0 0 0 0 0 0 0
0 0 0 0 0 0 0 0 3.80861261087137 0 0 0 0 0 7.58063855591445 0 0 23.0733239729094 8.26079040832904 7.38198283805551 5.85572079488823 0 0 0 0 0 0 0 0 0 0 0 0 0 0 0 0 3.84892517704035 0 0 0 0 0 0 0 0 2.12304916337377 0 0 0 0 9.19839565575177 0 0 0 0 0 0 0 0 0 0 0 0 0 0 0 0 0 0 0 0 0 0 0 0 0 0 0 0
0 0 0 0 0 0 0 0 0 0 0 0 0 0 0 0 0 0 0 0 0 0 0 0 0 0 0 0 0 0 0 0 0 0 0 0 0 0 0 0 0 0 0 0 0 0 0 0 0 0 0 0 0 2.43548700140096 0 0 0 9.00812057232457 8.29426677064222 6.94544020680605 8.36180031225928 7.12814882027058 3.97284138140975 0 3.81661533452121 6.74848583577175 15.8373270279442 0 0 0 0 0 0 0 0 0 0 0 0 0
0 0 0 0 0 0 0 0 0 0 0 0 0 0 0 0 0 0 0 0 0 0 0 0 0 0 0 0 0 0 0 0 0 0 0 0 0 0 0 0 0 0 0 0 0 0 0 0 0 0 0 0 2.1552623402852 0 0 0 0 0 0 5.6452806003551 8.83214600783266 11.132026634785 6.57848143201663 8.01611074655161 0 6.27431537952672 0 3.88359672371015 0 0 0 0 0 0 0 0 0 0 0 0
0 0 0 0 0 0 0 0 0 3.92677115552792 0 0 0 0 0 0 0 0 0 0 0 0 0 0 0 0 3.82593910596785 0 0 0 0 0 0 0 0 0 0 0 0 0 0 0 22.1341938279137 12.4459696159518 6.00336320905978 0 0 0 0 2.96791160444148 0 0 0 0 0 0 0 0 0 0 0 0 0 0 0 0 0 0 0 0 0 0 0 0 0 0 0 0 0 0
0 0 0 0 0 0 0 0 0 0 0 0 0 0 0 0 0 0 0 0 0 0 0 0 0 0 0 0 0 0 0 0 0 0 0 0 0 0 0 0 0 0 0 0 0 0 0 0 0 0 0 0 0 5.57398061539756 0 0 0 0 13.7632407962188 0 8.41788558564067 6.32404956468587 8.92266666098837 4.28783598736406 3.34227962883381 3.18914285445636 2.67003215311245 0 0 0 0 0 0 0 0 0 0 0 0 0
0 0 0 0 0 0 0 0 0 0 0 0 0 0 0 0 0 0 0 0 0 0 0 0 0 0 0 0 0 0 0 0 0 0 0 0 0 0 0 0 0 0 6.42323287298187 12.2953976126667 0 0 5.40364879074843 0 0 0 0 2.54409832665118 0 0 0 0 0 0 0 0 0 0 0 0 0 0 0 0 0 0 0 0 0 0 0 0 0 0 0 0
0 0 0 0 0 0 0 2.99191295426242 0 0 0 0 0 0 0 0 0 0 0 0 0 0 0 0 0 0 0 0 0 0 0 0 0 0 0 0 0 2.79163738535418 0 0 0 0 0 0 4.65816428530804 0 0 0 0 0 0 0 0 0 0 0 0 24.8920110028025 6.74678003496228 9.28980506872426 7.43297238568015 0 8.38940513847989 2.59926147776462 3.14727108535389 0 0 0 0 0 0 0 0 0 0 0 0 0 0 0
0 0 0 0 0 0 0 0 0 0 0 0 0 0 0 0 0 0 0 0 0 0 0 0 0 0 0 0 0 0 0 0 0 0 0 0 0 0 0 0 0 0 0 0 0 0 0 0 0 0 0 0 0 0 0 0 19.1148428136619 0 0 12.5293840859886 9.16098448242509 8.95694474343197 0 10.280977896065 0 7.54620675027373 16.0974924389094 0 0 0 0 0 0 0 0 0 0 0 0 0
0 0 0 0 0 0 0 0 0 0 0 0 0 0 0 0 0 0 0 0 0 0 0 0 0 0 0 0 0 0 0 0 0 0 0 0 0 0 0 0 0 0 0 0 0 0 0 0 0 0 0 0 0 0 0 0 0 5.8413039009976 0 9.69873345542337 7.83106453279758 0 0 21.681415080537 3.7989387202323 7.492776894113 0 0 0 0 0 0 0 0 0 0 0 0 3.99707466013933 0
0 0 3.3772620514518 0 0 0 0 0 0 3.49738288664027 0 0 0 0 3.28428436987598 0 0 0 0 0 0 0 0 0 0 0 0 0 0 0 0 0 0 0 0 0 0 0 0 0 0 0 8.73744057879149 0 0 30.9285497961687 0 0 11.0307671092836 2.26074608496093 0 0 0 0 0 0 0 0 0 0 0 0 1.36709471234418 0 0 0 0 0 0 0 0 0 0 0 0 0 0 0 0 0
0 0 0 0 0 0 0 0 0 0 0 0 0 0 0 0 5.32089242156953 16.1384563356871 0 4.37977800409326 0 0 0 0 0 0 0 0 0 0 0 0 0 0 0 0 0 0 0 0 0 0 0 0 0 0 0 0 0 2.80813995649363 0 0 0 0 0 0 0 0 0 0 0 0 0 0 0 0 0 0 0 0 0 0 0 0 0 0 0 2.81533057112223 0 0
0 0 0 0 0 0 0 0 0 1.99151406740797 0 0 0 0 0 0 0 0 0 0 2.99035795176745 0 0 0 0 0 0 0 0 0 0 0 0 0 0 0 0 0 0 0 0 0 0 0 0 0 0 0 0 0 0 0 0 0 0 0 0 0 14.741345507958 0 10.8702383832512 0 12.0499434195122 0 2.51032123186157 0 3.3573313327677 0 0 0 0 0 0 0 3.21222209401871 0 0 2.85520165277944 0 0
0 0 0 0 0 0 0 0 0 0 4.04338883357483 0 0 0 0 24.0272205265616 0 0 7.78922682346721 0 0 0 4.22459152560678 0 0 0 0 0 0 0 0 0 0 0 0 0 0 0 0 0 0 0 0 0 0 0 0 0 0 0 0 0 0 0 0 0 0 0 0 0 0 0 0 0 0 0 0 0 0 0 0 0 0 0 0 0 0 0 0 0
0 0 0 0 0 0 0 0 0 0 0 0 0 0 9.40703039534094 0 0 11.0628182628812 12.5592123401327 0 0 0 0 0 0 0 0 0 0 0 0 0 0 0 0 0 0 0 0 0 0 0 0 0 0 0 0 0 0 0 6.56966444300631 0 0 0 0 0 0 0 0 0 0 0 0 0 0 0 0 0 0 0 0 0 0 0 0 0 0 0 0 0
0 0 0 0 0 0 0 0 0 0 0 0 0 0 0 0 0 0 0 0 0 0 0 0 0 0 0 0 0 0 0 0 0 0 0 0 0 0 0 0 0 0 0 0 0 0 0 0 0 0 0 0 0 0 0 0 26.2705467427593 0 5.81106917910801 6.7233185057743 9.11635129743429 1.58006096095169 1.78726277682734 0 3.22923797339872 7.14492484525761 0 0 0 0 0 0 0 0 0 0 0 0 2.55188968598976 0
0 0 0 0 0 0 0 0 0 0 0 0 0 0 0 0 0 0 0 0 0 0 0 0 0 0 3.52474016955124 0 0 0 0 0 0 0 0 0 0 0 0 0 0 0 0 0 0 0 0 0 0 0 0 0 0 0 0 0 0 5.03566411469559 13.3380926412 6.81761151278354 22.9440450339848 1.538217269485 4.68204922453928 6.29481665522221 0 5.51549555295775 0 0 0 0 0 0 0 0 0 0 0 0 0 0
0 0 0 0 0 0 0 0 4.51974865552083 0 0 0 0 0 0 0 0 0 0 0 0 2.66998370147736 0 0 0 0 0 0 0 3.80028019660218 0 0 0 0 0 0 0 0 0 0 0 0 0 0 0 0 0 0 0 0 0 0 0 0 0 0 9.07213127399027 11.4160589996833 0 9.20458991415796 28.2443318892778 0 9.53876862202679 0 4.58085921624635 5.67034765013317 0 0 0 0 0 0 0 0 0 0 0 0 0 0
0 0 0 0 0 0 0 0 0 0 0 0 0 0 0 0 0 0 0 0 0 0 0 0 0 0 0 0 0 0 0 0 0 0 0 0 0 0 0 0 0 0 0 0 0 0 0 0 0 0 0 0 0 0 0 0 0 0 0 27.2443934169155 8.41009442627025 0 3.07112110004458 23.5425182571757 0 0.84641658396697 0 6.4128279935943 0 0 0 0 0 0 0 0 0 0 0 0
0 0 0 0 0 0 0 0 0 0 0 0 0 0 0 0 0 0 0 0 0 0 0 0 0 0 0 0 0 0 0 0 0 0 0 0 0 0 0 0 0 0 0 0 0 0 0 0 0 0 0 0 0 0 0 0 0 0 9.04695830421016 6.4814682813553 9.29275039461811 0 11.8670173366301 6.27846120353104 20.7301295937707 4.42709952891949 0 17.5348383683221 0 0 0 0 0 0 0 0 0 0 0 0
0 0 0 0 0 0 0 0 0 0 0 0 0 2.66034545130542 0 0 0 0 0 0 0 0 0 0 0 0 0 0 0 0 0 0 0 0 0 0 0 0 0 0 0 0 0 0 0 0 0 0 0 0 0 0 0 0 0 0 0 0 0 16.1573569754349 20.4105553896959 4.70947101460709 7.92777721404382 0 4.18415605954043 0 0 3.97210441549888 0 0 0 0 0 0 0 0 0 0 0 0
0 0 0 0 0 0 0 0 0 0 0 0 0 0 0 0 0 0 0 0 0 0 0 0 0 0 3.78355678927599 0 0 0 0 0 0 3.31035272009189 0 0 0 0 0 0 0 0 0 0 0 0 0 0 0 0 0 0 0 0 0 0 0 0 7.3204128045312 24.7635264914721 8.08453614288848 6.14352245362151 0 9.85314245635157 0 0 8.05314620161649 12.5563050889216 0 0 0 0 0 0 0 0 0 0 0 0
0 0 0 0 0 0 0 0 0 0 0 0 0 0 0 0 0 0 0 0 0 0 0 0 0 0 0 0 0 0 0 0 0 0 0 0 6.38842656082186 0 0 0 0 0 0 0 0 0 0 5.64356011505463 0 0 0 0 0 0 0 0 0 0 13.7300401256717 0 32.2718581735286 0 3.85340389596076 6.19878320472851 0 3.17387494102043 4.89308309734825 2.07492469334733 0 0.127833397677506 0 0 0 0 0 0 0 0 0 0
0 0 0 0 0 0 0 0 0 0 0 0 0 0 0 0 6.07836727804787 12.4151900344347 5.84926129393453 12.6512275508508 0 0 0 0 0 0 0 0 0 0 0 0 0 1.60248994010273 0 0 0 0 0 0 0 0 0 0 0 0 0 0 0 5.90070444905819 0 0 0 2.77391235914376 0 0 0 0 0 0 0 0 0 0 0 0 0 0 0 0 0 0 0 0 0 0 0 0 0 0
0 0 0 0 0 0 0 0 0 0 0 0 0 0 0 0 0 0 0 0 0 0 0 0 3.04157147531052 0 0 0 0 0 0 0 0 0 0 0 0 0 0 0 0 0 0 0 0 0 0 0 0 0 0 0 0 0 0 0 0 11.2254746256655 6.78241122426452 4.17887343503078 8.14793414080534 19.7994062682841 8.1746307589052 0 6.97075363665319 0 6.86627205389783 0 0 0 0 0 0 0 0 0 0 0 0 0
0 0 0 0 0 0 0 0 0 0 0 0 0 0 0 0 9.53821915015119 12.8321516881067 0 3.16744294439128 8.56775866995232 0 0 0 0 0 0 0 0 0 0 0 0 0 0 0 0 0 0 0 1.48247760916971 0 0 0 0 0 0 0 0 0 0 0 0 0 0 0 0 0 0 0 0 3.06027366061695 0 0 0 0 0 0 0 0 0 0 2.16077126768474 0 0 0 0 0 0 0
0 0 0 0 0 0 0 0 0 0 0 0 0 0 0 0 2.31885204074015 0 0 0 0 0 0 0 0 0 0 0 0 0 0 0 0 0 0 0 0 0 0 0 0 0 0 0 0 0 0 0 0 0 0 0 0 0 0 0 0 22.2584524855869 26.5309605640122 10.1673173355476 2.37242182141383 4.37311572553182 2.62299377297249 0 0 5.45985919979161 9.55306614581681 0 0 0 0 0 0 0 0 0 0 0 0 0
0 0 0 0 0 0 0 0 0 0 0 0 0 0 0 0 0 0 0 0 0 0 0 0 0 0 0 0 0 0 0 0 0 0 0 0 0 0 0 0 0 0 0 3.51397281226785 0 24.5298916247524 0 0 0 0 0 4.03504924343433 0 0 0 0 0 0 0 0 0 0 0 0 0 0 0 0 0 0 0 0 2.34283128493847 0 0 0 0 0 0 0
