0 0 0 0 0 0 0 0 0 0 0 0 0 0 9.45682197308193 0 0 0 5.02325052022687 7.023808460895 0 12.3091358922857 0 0 0 0 0 0 0 0 0 0 0 0 0 0 0 0 0 0 0 6.06468499319511 0 0 0 0 0 0 0 0 0 7.49115815940473 0 0 0 0 0 0 0 8.15727047110897 0 0 0 0 0 0 0 0 0 0 0 0 0 0 0 0 0 0 0 0
0 0 0 0 0 0 0 0 0 0 0 0 0 0 0 0 5.5159463532075 0 0 7.56905922071531 0 12.5553405150407 6.60835371630408 0 4.92159708033675 0 0 0 0 0 0 0 0 0 0 0 0 0 0 0 0 0 0 0 0 0 0 0 0 0 0 9.87954454908078 17.6423735973652 0 0 0 0 0 0 0 0 0 0 0 0 0 0 3.08446933750342 0 0 0 0 0 0 0 0 0 0 0 0
0 0 0 0 0 0 0 5.17014441852221 0 0 0 0 5.58926317516326 9.39549426728605 6.74320253188845 10.2782991969651 0 5.99412428935558 0 9.34131557965074 0 6.39475506039128 0 0 0 0 0 0 0 0 0 0 0 0 0 0 0 0 0 0 0 3.97190050288565 0 0 0 0 0 0 0 0 30.2863657895087 0 0 0 0 0 0 0 0 0 0 0 0 0 0 0 0 0 0 0 0 0 0 0 0 0 0 0 0 0
0 0 0 0 0 0 0 0 0 0 0 0 0 3.38619850632852 0 0 0 0 0 0 0 0 0 0 0 0 0 0 0 0 0 0 0 0 0 0 0 0 0 21.9166057177966 0 0 0 0 14.4449023122854 3.92363632583106 0 10.9020583169731 7.82556545409525 0 8.01560589032265 0 0 0 0 0 0 0 0 0 0 0 0 0 0 0 0 0 0 0 0 0 0 0 0 0 0 0 0 0
0 0 0 0 0 0 0 0 0 0 0 0 0 0 0 0 0 0 11.378832670602 11.7489673077878 12.9948525484795 0 0 0 0 0 0 0 0 0 0 0 0 0 0 0 0 0 0 0 0 0 0 0 0 0 0 0 0 0 0 0 0 0 0 0 0 0 0 0 0 0 0 0 0 0 0 0 0 0 0 0 0 0 0 0 0 0 0 0
0 0 0 0 0 0 0 0 0 0 0 0 0 0 0 0 12.2166213102307 22.5307796281012 0 14.7561665208264 0 10.3173846250303 0 0 0 0 0 0 0 0 0 0 0 0 0 0 0 0 0 0 0 0 0 0 0 0 0 0 0 0 0 0 0 0 0 0 0 0 0 0 0 0 0 0 0 0 0 0 3.1712660920057 0 0 0 0 0 0 0 0 0 0 0
0 0 0 0 0 0 0 0 0 0 0 0 0 0 0 22.6276166591901 3.86990104323935 0 10.1199303030057 5.88183104365073 0 5.42649067405691 5.87974636507739 0 0 0 0 0 0 0 0 0 0 0 0 0 0 0 0 2.82472997384389 0 0 0 0 0 0 0 0 0 0 0 0 0 0 0 0 0 0 0 0 0 0 4.67792765254181 0 0 0 0 0 0 0 0 0 0 0 0 3.72054348933539 0 0 0 0
0 0 0 0 0 0 0 0 0 0 3.25374717922687 0 0 9.35581965022437 0 7.91589399832879 0 8.51259682120656 0 6.59827365611743 0 23.9141418818209 10.6289389041948 0 0 0 0 0 0 0 0 0 0 0 0 0 0 0 0 0 0 0 0 0 0 0 0 0 0 0 0 14.0352241994191 0 0 0 0 0 0 0 0 0 0 0 0 0 0 0 0 0 0 0 0 0 0 0 0 0 0 0 0
0 0 0 0 0 0 0 0 0 0 0 0 0 9.85481636668248 0 0 5.81936322740958 0 16.0624663563838 0 24.5703496726399 0 6.45014094218399 0 0 0 0 0 0 0 0 0 0 0 0 0 0 0 0 0 0 0 0 0 0 0 0 0 0 7.13504395533211 0 0 0 0 0 0 0 0 0 0 0 0 0 0 0 0 0 0 0 0 0 3.57694987683985 0 0 0 0 0 0 0 0
0 0 0 0 0 0 0 0 0 0 5.06589300166662 0 0 0 0 0 5.72720380617069 11.0533147797621 0 12.8658393459113 0 6.6885421633478 0 0 0 0 0 0 0 0 0 0 0 0 0 0 0 0 3.6012327103237 0 0 0 0 0 0 0 0 0 0 0 0 0 0 0 0 0 0 0 0 0 0 0 0 0 0 0 0 0 0 0 0 0 0 0 0 0 0 0 0 0
0 0 0 0 0 0 0 0 0 0 0 0 0 0 5.2205091745478 0 7.00512969511027 0 10.5064104767773 13.5576793539623 0 0 0 0 0 0 0 0 0 0 0 0 0 0 0 0 0 0 0 0 0 0 0 0 0 0 0 0 0 0 0 0 0 0 0 0 0 0 0 5.88353506199014 0 0 0 0 0 0 0 0 0 3.09074400264313 0 0 0 0 0 0 0 0 0 0
0 0 0 0 0 0 0 0 0 0 0 0 0 0 0 15.6121495949674 0 9.32222238669461 6.33661994886078 5.68897505381043 2.56391270926846 0 0 0 0 0 0 0 0 0 0 0 0 0 0 0 0 0 0 0 3.11079579720501 0 0 0 0 0 0 0 0 0 0 0 6.53382502741269 0 0 0 0 0 0 0 0 0 0 0 0 0 0 0 0 0 0 0 0 0 0 0 0 0 0 0
0 0 0 0 0 3.0701194678029 0 0 0 0 0 0 0 0 0 6.64921514741486 5.1433981417436 0 9.63018496904479 10.5957267096838 4.46100077423575 0 2.70975732714601 0 0 0 0 0 0 0 0 0 0 0 0 0 0 0 0 0 0 0 0 0 0 0 0 0 0 0 25.9572174635331 0 8.65397451879197 0 0 0 0 0 8.20810269609774 0 0 0 0 0 0 0 0 0 0 0 0 0 0 0 0 0 0 0 0 0
0 0 0 0 0 0 0 0 0 0 0 0 0 0 0 0 0 0 0 0 0 0 0 0 0 0 0 0 0 0 0 0 0 0 0 0 0 0 0 0 2.88942896881044 0 0 0 0 0 0 0 0 0 0 0 0 0 0 0 0 11.9091402562537 9.21885683159527 0 11.73042730593 0 6.68370814420267 4.7380428283723 18.198773746373 0 0 0 0 0 0 0 0 0 0 0 0 0 0 0
0 0 0 0 0 0 2.79599206912117 0 0 0 0 0 0 0 0 6.01897053687841 0 0 0 9.29476905890244 7.55669718329563 14.3375317456085 0 0 0 0 0 0 0 0 0 1.64215799279452 0 0 0 0 0 0 0 0 0 0 0 0 2.78748687034817 0 0 0 0 0 0 0 0 7.47822611958709 0 0 0 5.23285381285002 0 0 0 0 0 0 0 4.19943032636198 0 0 0 0 0 0 0 0 0 0 0 0 0 0
0 0 0 0 0 0 0 0 0 0 0 0 0 0 0 26.697736624616 17.1222836854986 2.44663934545367 21.6223326980004 0 4.87762498391165 0 0 0 0 0 0 0 0 0 0 0 0 0 0 0 0 0 0 0 0 0 0 0 0 0 0 0 0 22.830103885129 0 0 3.93243079438261 0 0 0 0 0 0 0 0 0 0 0 0 0 0 0 0 0 0 0 0 0 0 0 0 0 0 0
0 0 0 0 0 0 0 0 3.5465342594662 0 0 0 0 0 0 0 0 0 0 0 0 0 0 0 0 0 0 0 0 0 0 0 0 0 0 0 0 0 0 0 0 0 0 0 0 0 0 0 0 0 0 0 0 0 0 0 5.04403794290438 0 14.5317294195577 5.35909692864049 6.47511437258606 5.40856637820345 0 0 8.00264495258695 0 0 0 0 0 0 0 0 0 0 0 0 0 0 0
0 0 0 0 0 0 0 0 0 0 0 0 0 0 12.0514866987385 7.99194787403661 7.43247889498024 11.2793775094116 0 2.47105569803522 0 0 21.6926504241936 0 9.84907815001353 0 0 0 0 0 0 0 0 1.60749674257557 0 0 0 0 0 0 0 0 0 0 0 0 0 0 0 5.46476396684555 0 0 0 0 0 0 0 4.7849831528104 0 0 0 0 0 0 0 0 0 0 0 0 0 0 0 5.01767242734013 0 0 0 0 0 0
0 0 0 0 0 0 0 0 0 0 0 0 0 0 0 0 0 5.82471097992563 0 11.876282137908 0 0 0 0 0 0 0 0 0 0 0 0 0 0 0 0 2.42775940219536 0 0 0 0 0 0 0 0 0 0 0 0 0 10.8354599847515 0 0 0 0 0 0 0 0 0 0 0 0 0 0 0 0 0 0 0 0 0 0 0 0 0 0 0 0 0
0 0 0 0 0 0 0 0 0 0 0 0 0 0 11.5873505599309 0 0 0 0 10.1170399690377 5.71436242123291 0 0 7.95183353047335 20.6403107185546 0 0 0 0 0 0 0 0 0 0 0 0 0 0 0 0 0 0 0 0 0 0 0 0 0 0 0 0 0 8.70771781705127 0 0 0 0 0 0 0 0 0 0 0 0 0 5.13394811160597 0 0 0 0 0 0 0 0 0 0 0
0 0 0 0 0 0 3.21157384287465 0 0 0 0 0 0 0 0 17.0063280968788 0 0 6.80308584260475 0 13.5935053568868 0 24.3245351514277 0 0 0 0 0 0 0 0 0 0 0 0 0 0 0 0 0 0 0 0 0 0 0 0 0 0 0 12.4380314734925 7.61593648772432 0 0 0 0 2.28045875745751 0 0 0 0 0 0 0 0 0 0 0 0 0 0 0 0 0 0 0 0 0 0 0
0 0 0 0 0 0 0 0 0 0 0 0 0 8.7879642928774 0 21.9751481653905 6.34473173580825 10.3053267112675 0 0 9.50846922282177 0 0 23.4565163088802 8.580882104319 0 0 0 0 0 0 0 0 0 0 0 0 0 0 0 0 0 0 0 0 0 0 0 0 0 0 0 0 0 0 0 0 0 0 0 0 0 0 0 0 0 0 0 0 0 0 0 0 0 0 0 0 0 0 0
0 0 0 0 0 0 0 0 0 0 0 0 0 0 0 0 7.29059641358594 0 22.4959056376307 0 8.93298289771704 0 6.90746290420414 0 0 0 0 0 0 0 0 0 0 0 0 0 0 0 0 0 0 0 0 0 0 0 0 0 0 0 0 4.66491581884502 0 0 0 0 0 0 0 0 0 0 0 0 0 0 0 0 0 0 0 0 0 0 0 0 0 0 0 0
0 0 0 0 0 0 0 0 0 0 0 0 0 0 0 0 0 0 25.7220613585984 23.2074365599177 9.2636796584685 0 0 0 25.7125272625184 0 0 0 0 0 0 2.0056575682446 0 0 0 0 0 0 0 0 0 0 0 0 0 0 0 3.22481269784977 0 0 0 0 0 0 0 0 0 0 0 0 0 0 0 0 0 0 0 0 0 0 0 0 0 0 0 0 0 0 0 0
0 0 0 0 0 0 0 0 0 0 0 0 0 9.00487483173416 0 0 0 10.3717451923794 0 8.19217197822698 7.49479895329484 0 6.47554496257202 0 0 0 0 0 0 0 0 0 0 0 0 0 0 0 0 0 0 0 0 0 0 0 0 0 0 0 0 4.75372657525915 0 0 5.07871187583311 0 0 9.96473423281944 9.07585934053946 0 0 0 0 0 0 0 0 0 0 0 0 0 0 0 0 2.5809610123042 0 0 0 0
0 0 0 0 0 0 0 0 0 0 0 0 0 0 0 0 0 0 0 0 0 0 0 0 0 0 0 0 0 0 0 0 0 0 0 0 0 0 0 0 0 21.1839466043658 5.26626100811684 0 10.1432601708434 8.12453400011454 18.7166647292039 19.8533370531214 3.00471247517228 0 0 0 0 0 0 0 0 0 0 0 0 0 0 0 0 0 0 0 0 0 0 0 0 0 0 3.46579540371527 0 0 0 0
0 0 0 0 0 0 0 0 0 0 0 0 0 0 0 0 0 0 0 0 0 0 0 0 0 0 0 0 0 0 0 0 0 0 0 0 0 0 0 0 0 0 0 0 0 0 0 0 0 0 0 0 0 0 0 0 0 0 0 0 13.8557647805925 0 13.1154571246443 7.1435714310773 0 0 10.5266659920577 0 0 0 0 0 0 0 0 0 0 0 0 0
0 0 0 0 0 0 0 0 0 0 0 0 0 0 0 0 0 0 0 0 0 0 0 0 0 0 0 0 0 0 0 0 0 0 0 0 0 0 0 0 0 0 0 0 6.76055065711609 8.33784409007306 0 10.9208312977705 8.45396582056469 0 0 0 0 0 2.57132730357237 0 0 0 0 0 0 0 0 0 0 0 0 0 0 0 0 0 0 0 0 0 0 0 0 0
0 0 0 0 0 0 0 0 0 4.71689117772067 0 0 0 0 0 0 0 0 0 0 0 0 0 0 0 0 0 0 0 0 0 0 0 0 0 0 0 0 0 0 5.27730224383304 0 9.29859770676004 0 12.4021600505763 9.30064916625055 0 7.72585494957396 0 6.97411261485346 0 0 0 0 0 0 0 0 0 0 0 0 0 0 0 0 0 0 0 0 0 0 0 0 0 0 0 0 0 0
0 0 0 0 0 0 0 0 0 0 0 0 0 0 0 0 0 0 0 0 0 0 0 0 0 0 0 0 0 0 0 0 0 0 0 0 0 0 0 0 0 0 0 0 3.63021353788831 0 0 0 0 0 0 0 0 0 0 0 0 0 14.1394101519073 0 12.5456627150504 6.69763222991545 0 0 7.44942687789164 0 0 0 0 0 0 0 0 0 0 0 0 0 0 0
0 0 0 0 0 0 0 0 0 0 0 0 0 0 0 0 0 0 0 0 0 0 0 0 0 0 0 0 0 0 0 0 0 0 0 0 0 0 0 0 0 0 4.65157314989385 0 9.43982621339181 12.5977244356377 8.95303986574579 5.59414018102416 22.37976248367 6.5023541158502 0 0 0 0 0 0 0 0 0 0 0 0 0 0 0 0 0 0 0 0 0 0 0 0 0 0 0 0 0 0
0 0 0 0 0 0 0 0 0 0 0 0 0 0 0 0 0 0 0 0 0 0 0 0 0 0 0 0 0 0 0 0 0 0 0 0 0 0 0 0 9.02128555233066 0 0 0 11.7422340774302 9.37488998134008 4.30358702393254 7.23144164052639 7.84987994099021 6.36046164192752 0 0 0 0 0 0 0 0 0 0 0 0 0 0 0 0 0 0 0 0 0 0 0 0 0 0 0 0 0 0
0 0 0 0 0 0 0 0 0 0 0 0 0 0 0 12.3985118574782 0 5.41955639425148 0 0 24.2007943537029 8.90098919417346 0 0 0 0 0 0 0 0 0 0 0 0 0 0 0 0 0 0 0 0 0 0 0 0 0 0 0 0 0 10.9028097984417 6.43861438222513 0 0 0 0 0 0 0 0 0 0 0 0 0 0 0 0 0 0 0 0 0 0 0 0 0 0 0
0 0 0 0 0 0 0 0 0 0 0 0 0 0 0 0 0 0 0 0 0 0 0 0 0 0 0 0 0 0 4.84405722099459 0 0 0 0 3.90535317697318 0 0 0 0 0 0 0 0 7.17590155464679 8.7697817078366 5.8360589783187 14.7145551515599 0 9.61192758665764 0 0 0 0 0 0 0 0 0 0 0 0 0 0 0 0 0 0 0 0 0 0 0 0 0 0 0 0 0 0
0 0 0 0 0 0 0 0 0 0 0 0 0 0 0 0 0 0 0 0 0 0 7.47461648232762 0 0 0 0 0 0 0 0 0 0 0 0 0 0 0 0 0 0 14.0266606747796 0 12.0287551683819 20.2964405896475 6.51074289080288 0 10.7538029396578 0 23.1762583842296 0 0 0 0 0 0 0 0 0 0 0 0 0 0 0 0 0 0 0 0 0 0 0 0 0 2.95569788121885 0 0 0 0
0 0 0 0 0 0 0 0 4.75832480100375 0 0 0 0 0 0 0 0 0 0 0 0 0 0 0 0 0 0 0 0 0 0 0 0 0 0 0 0 0 0 0 0 14.782391199268 0 8.05870832527902 0 6.70952008705056 8.78374164907333 8.66894118615095 7.17660631609494 0 0.404175109331582 0 0 0 0 0 0 0 0 0 0 0 0 0 0 0 0 0 0 0 0 0 0 0 0 0 0 0 0 0
0 0 0 0 0 0 0 0 0 0 0 0 0 0 0 0 0 0 0 0 0 0 0 0 0 0 0 0 0 0 0 0 0 0 0 0 0 0 0 0 0 0 8.93155179141471 12.0313749090475 0 14.6068430056696 7.64218290573485 0 4.52471354015442 10.2585869665633 4.22970634960406 0 0 0 0 0 0 0 0 0 0 0 0 0 0 0 0 0 0 0 0 0 0 0 0 0 0 0 0 0
0 0 0 0 0 0 0 0 0 0 0 0 0 0 0 0 0 0 0 0 0 0 0 0 0 0 0 0 0 0 0 0 0 0 0 0 0 0 0 0 0 0 0 8.3691032008448 0 11.5491567104088 0 26.2689247040383 0 4.05033607248321 0 0 0 0 0 0 0 0 0 0 0 0 0 0 0 0 0 0 0 0 0 0 0 0 0 0 0 0 0 0
0 0 0 0 0 0 0 0 0 0 0 0 0 0 0 0 0 0 0 0 0 0 2.68465409932849 0 0 0 0 0 0 0 0 0 0 0 0 0 0 0 0 0 0 0 7.58282087670912 9.80194955645338 0 18.2691817165392 0 6.7252133464112 4.89621950741727 0 0 1.71065216264583 0 0 0 0 0 0 0 0 0 0 0 0 0 0 0 0 0 0 0 0 0 0 0 0 0 0 0 0
0 0 0 0 0 0 0 2.48875696846394 0 0 0 0 0 0 0 0 0 0 0 0 0 0 0 3.3033662470394 0 0 0 0 0 0 0 0 0 0 0 0 0 0 0 0 0 0 11.2884239550253 0 9.09047687499818 0 15.9469591743286 4.60624966959729 5.18756833485811 0 0 1.06939087656133 0 0 0 0 0 0 0 0 0 0 0 0 0 0 0 0 0 0 0 0 0 0 0 0 0 0 0 0
0 0 0 0 0 0 0 0 0 0 0 0 0 0 9.10598292625126 7.87903601035632 0 0 0 0 10.9517230430019 9.20013217676498 0 23.6164644075604 0 0 0 0 0 0 0 0 0 0 0 0 0 0 0 0 0 0 0 0 0 0 0 0 0 0 0 0 0 0 0 0 0 0 2.526105237989 0 0 0 0 0 0 0 0 0 0 0 0 0 0 0 0 0 0 0 0 0
0 0 0 0 0 0 0 5.0294592403672 0 0 0 0 0 0 0 0 0 0 0 0 0 0 0 0 0 0 4.23335410278076 0 0 0 0 0 0 0 0 0 0 0 0 0 0 0 0 0 0 0 0 0 0 0 0 0 0 0 0 0 0 0 0 5.82731034136933 16.6374734801941 25.551534434969 0 4.20990753005464 8.70521540898024 0 0 0 0 0 0 0 0 0 0 0 0 0 0 0
0 0 0 0 0 0 0 0 0 0 0 0 0 0 0 0 2.44716702922311 0 0 0 0 0 0 0 0 0 0 0 0 0 0 0 0 3.47234619547668 0 0 0 0 0 0 0 0 24.0189073805412 0 0 27.6788985562792 0 5.07748284703418 2.85083892426275 3.6189001573406 0 0 0 0 0 0 0 0 0 0 0 0 0 0 0 0 0 0 0 4.30219697599657 0 0 0 0 0 0 0 0 0 0
0 0 0 0 0 0 0 0 0 0 0 0 0 0 0 0 0 0 0 0 0 0 0 0 0 0 0 0 0 0 0 0 0 0 0 0 0 0 0 0 0 11.2702431545635 0 10.4298189447979 6.46764054967056 18.4032758480384 0 9.35974767418963 7.44558962716727 0 0 0 0 0 0 0 0.938528957251787 0 0 0 0 0 0 0 0 0 0 0 0 2.21891878990986 0 0 0 0 0 0 0 0 0 0
0 0 0 0 0 0 0 0 0 0 0 0 0 0 0 0 0 0 0 0 0 0 0 0 0 0 0 2.73016744569749 0 0 0 0 0 0 0 0 0 0 0 0 0 0 10.5702845050787 7.38907801178534 8.06065650021628 7.84883895764255 0 24.068142450215 4.77121270088122 0 0 0 0 0 0 0 0 0 0 0 0 0 0 0 0 0 0 0 0 0 0 0 0 0 0 0 0 0 0 0
0 0 0 0 0 0 0 0 0 0 0 0 0 10.16585180685 0 12.9673356649003 0 3.79054277680688 0 23.6318189693461 8.97550192470116 0 0 0 0 0 0 0 0 0 0 0 0 0 0 0 0 0 0 0 0 0 0 0 0 0 0 0 0 0 0 0 4.62597067658272 0 0 0 0 0 11.7882860226567 0 0 0 0 0 0 0 0 0 0 0 0 0 0 0 0 0 0 0 0 0
0 0 0 0 0 0 0 0 0 0 0 0 0 0 0 0 0 0 0 0 0 0 0 0 0 0 0 0 0 0 0 0 0 0 0 0 0 0 0 0 0 0 0 0 0 0 0 0 0 0 0 0 0 0 0 0 0 9.04623478532511 0 0 0 24.6835960702005 5.71939174339542 5.54850210371437 6.10084230473212 0 0 0 0 0 0 0 2.73033847002712 0 0 0 0 0 0 0
0 0 0 0 0 0 0 0 0 0 0 0 0 0 0 0 0 0 11.9892527373228 0 10.0373821179868 7.48020392832114 4.31609213373844 0 12.6827326662768 0 0 0 0 0 0 0 0 0 0 0 0 0 0 0 0 0 0 0 0 0 0 0 0 0 0 0 0 0 0 0 0 0 0 0 0 0 0 0 0 0 0 0 0 0 0 0 0 0 0 0 0 0 0 0
0 0 0 0 0 0 0 0 0 0 0 0 0 0 4.57389859916653 0 0 0 0 0 15.0752723819601 0 0 0 6.04422169635895 0 0 0 0 0 0 0 0 0 0 0 0 0 0 0 0 0 0 0 0 0 0 0 0 3.75473464950319 0 0 0 0 0 0 0 0 0 5.5915811052642 0 0 0 0 0 0 0 0 0 0 0 0 0 0 0 0 0 3.67599076236183 0 0
0 0 0 0 0 0 0 0 0 0 0 0 0 0 0 0 0 0 0 0 3.1514342752494 0 0 0 0 0 0 0 0 0 0 0 0 0 0 0 0 0 0 0 6.85658234531048 0 0 0 0 14.7182665417261 0 12.9151955397713 0 2.87477471268941 0 0 0 0 0 0 0 0 0 0 0 0 0 0 0 0 0 0 0 0 0 0 0 0 0 0 0 0 0 0
0 0 0 0 0 0 0 0 0 0 0 0 0 0 0 0 0 0 0 0 0 0 0 0 0 0 0 0 0 0 0 0 0 0 0 0 0 0 0 0 0 0 6.21442537030353 0 0 7.03428062070497 25.533892877314 0 24.347640528325 0 0 0 0 0 1.20661821317814 0 0 0 0 0 0 0 0 0 0 0 0 0 0 0 0 0 0 0 0 0 0 0 0 0
0 0 0 0 0 0 6.15004233080693 0 0 0 0 0 0 0 0 4.22292343364149 0 0 0 0 0 0 0 0 0 0 0 0 0 0 0 0 0 0 0 0 0 0 0 0 0 9.9499145855217 0 0 0 20.8939522027134 0 11.7163782843275 0 0 0 0 0 0 0.810323753883814 0 0 0 0 0 0 0 0 0 0 0 0 0 0 0 0 0 0 0 0 0 0 0 0 0
0 0 0 0 0 0 0 0 0 0 0 0 0 0 0 0 0 0 0 0 0 0 0 0 0 0 0 0 0 0 0 0 0 0 0 0 0 0 0 0 0 12.9409926131018 0 0 0 10.7895961081115 0 0 7.68673500413772 3.60808060047327 0 0 0 0 0 0 0 0 0 0 0 0 0 0 0 0 0 0 0 0 0 0 0 0 0 0 0 0 0 0
0 0 0 0 0 0 0 0 0 0 0 0 0 0 0 0 0 0 0 0 0 0 0 0 3.23768543293769 0 0 0 0 3.12088880325391 0 0 0 0 0 0 0 0 0 0 0 0 0 24.925505787191 0 0 23.6954027535414 2.41314920996452 8.54978854304285 19.5790072043031 0 0 0 0 0 0 0 0 0 0 0 0 0 1.38972544797416 0 0 0 0 0 0 0 0 0 0 0 0 0 0 0 0
0 0 0 0 0 0 0 0 0 0 0 0 0 0 0 0 0 0 0 0 0 0 0 0 0 0 0 0 0 0 0 0 0 0 0 5.04404450808193 0 0 0 0 0 0 12.6091607876288 0 0 26.232215186378 7.58293877079492 0 17.9176567708196 0 9.14403917926393 0 0 0 0 0 0 0 0 0 0 0 0 1.2293214595265 0 0 0 0 0 0 0 0 0 0 0 0 0 0 0 0
0 0 0 0 0 0 0 0 0 0 0 0 0 0 0 0 0 0 0 0 0 0 0 0 0 0 0 0 0 0 0 0 0 0 0 0 0 0 0 0 0 0 0 8.96036023324825 12.814463750267 4.99541828887753 5.57869203635542 0 12.6820060386497 0 0.654010302066197 0 0 0 0 0 2.85235544178135 0 0 0 0 0 0 0 0 0 0 0 0 0 0 0 0 0 0 0 0 0 0 0
0 0 0 0 0 0 0 0 0 0 0 0 0 0 0 0 0 0 0 0 0 0 0 0 0 0 0 0 0 0 0 0 0 0 0 0 0 3.61498632602793 0 0 0 10.0924779305694 0 5.31727189563679 9.15951489588365 6.47082755853429 22.6296113858623 11.3367226901175 0.282054369990718 20.4952407937647 0 0 0 0 0 0 0 0 0 0 0 0 0 0 0 0 0 0 0 0 0 0 0 0 0 3.23049611385038 0 0 0 0
0 0 4.24999957794052 0 0 0 0 0 0 0 0 0 0 0 0 0 0 0 0 0 0 0 0 0 0 0 0 0 0 0 0 0 0 0 0 0 3.35340490484231 0 0 0 22.9249238510945 0 10.163431192611 0 26.5602537350684 0 0 12.4200051517728 0 13.0618534558899 0 3.83955102534366 0 0 0 0 0 0 0 0 0 0 0 0.660089256181056 0 0 0 0 0 0 0 0 0 0 0 0 0 0 0 0
0 0 0 0 0 0 0 0 0 0 0 0 0 0 0 0 0 0 0 0 0 0 0 0 0 0 0 0 0 0 0 0 0 0 0 0 0 0 0 0 0 0 0 0 0 0 0 0 0 0 0 0 0 0 0 0 0 0 0 0 19.9263820740862 0 0 5.9259733927986 0 10.8815849275667 0 0 0 0 0 0 0 0 0 0 3.3226092954298 0 0 0
0 0 0 0 0 0 0 0 0 0 0 0 0 0 0 0 0 4.42436048768446 0 0 0 0 0 0 0 0 0 0 0 0 0 0 0 0 0 0 0 0 0 0 0 0 0 0 0 0 0 0 0 0 0 0 0 0 0 0 0 0 0 25.3752238341175 10.2953479170621 4.98380654209285 0 6.06573417355481 0 0 0 0.675009613533426 0 0 0 0 0 0 0 0 0 0 0 0
0 0 0 0 0 0 0 0 0 0 0 0 0 0 0 0 0 0 0 0 0 0 0 0 0 0 0 0 0 0 0 0 0 0 0 0 0 0 0 0 0 0 0 0 0 11.4606363432936 8.76307505722129 5.52391906634671 8.79240277893141 0 10.6423450718791 0 0 0 0 0 0 0 0 0 0 1.45408506887768 0 0 0 0 0 0 0 0 3.53427805190846 0 0 0 0 0 0 0 0 0
0 0 0 0 0 0 0 0 0 0 0 0 0 0 0 0 0 0 0 0 0 0 0 0 0 0 3.75998933935736 0 0 0 0 0 0 0 0 0 0 0 0 0 0 0 0 8.43331513718751 0 12.4346094605504 0 10.4095756164716 4.11328560025291 0 3.33439431284815 0 0 0 0 0 0 0 0 0 0 0 0 0 0 0 0 0 0 0 0 0 0 0 0 0 0 0 0 0
0 0 0 0 0 0 0 0 3.57913164265674 0 0 0 0 0 0 0 0 0 0 0 0 0 0 0 0 3.25090504305822 0 0 0 0 0 0 0 0 0 0 0 0 0 0 0 0 0 12.6842807654621 0 9.38843530690855 14.8259248461508 0 8.50618761395121 1.3544954210916 0 0 0 0 0 0 0 0 0 0 0 0 0 0 0 0 0 0 0 0 0 0 0 0 0 0 0 0 0 0
0 0 0 0 0 0 0 0 0 0 0 0 0 0 0 0 0 0 0 0 0 0 0 0 0 0 0 0 0 0 0 0 0 0 0 0 0 0 0 0 0 0 0 0 15.2620204284146 6.51973378829137 0 20.8794740639886 0 23.0811905879529 0 0 0 0 0 0 0 0 0 1.52090645953635 0 0 0 0 0 0 0 0 0 0 0 0 0 0 0 0 0 0 0 0
0 0 0 0 0 0 0 0 0 0 0 0 0 0 0 0 0 0 0 0 0 0 0 0 0 0 0 0 0 0 0 0 0 0 0 0 0 0 0 0 9.93351775647712 17.6479400052564 5.07686617864478 0 0 0 11.3972391425162 7.92131534214978 0 5.55383401907439 0 0 0 0 0 0 0 0 0 0 0 0 0 0 0 0 0 0 0 0 0 0 0 0 0 0 0 0 0 0
0 0 0 0 0 0 0 0 0 0 0 0 0 0 0 0 0 0 0 0 0 0 0 0 0 0 0 0 0 0 0 0 0 0 0 0 0 0 0 0 0 7.68109290576719 0 7.0873343490073 0 0 26.2238423279599 20.7189114072401 5.75626064454501 0 0 0 0 0 0 0 0 0 0 0 0 0 0 0 0 0 0 0 0 0 0 0 0 0 0 0 0 0 0 0
0 0 0 0 0 0 0 0 0 0 0 0 0 0 0 0 0 0 0 0 0 0 0 0 0 0 0 0 0 0 0 0 0 0 0 0 0 0 0 0 0 0 0 0 9.72463127165384 0 0 15.8471924880878 7.52417300562464 6.66290438927408 0 0 0 0 0 0 0 0 0 0 0 0 0 0 0 0 0 0 0 3.65295452144022 0 0 0 0 0 0 0 0 0 0
0 0 0 0 0 0 0 0 0 0 0 0 0 4.68984678251585 0 0 0 0 0 0 0 0 0 0 0 0 0 0 0 0 0 0 0 0 0 0 0 0 0 0 0 0 0 0 0 0 0 0 0 0 0 0 0 0 0 0 0 7.19066897445001 13.8175514697714 10.5318048531596 0 12.0739614209846 10.293060845156 8.42439581356625 0 0 0 0 0 0 0 0 0 0 0 0 0 0 0 0
0 0 0 0 0 0 0 0 0 0 0 0 5.45262473421179 0 0 0 0 0 0 0 0 0 0 0 0 0 0 0 0 0 0 0 0 0 0 0 0 0 0 0 0 0 0 0 0 0 0 0 0 0 0 0 0 0 4.94368029323907 0 0 0 0 5.52678677920663 0 6.24017030187285 0 16.0799081923077 5.4061875234123 0 0 0 0 0 0 0 0 0 0 0 0 0 0 0
0 0 0 0 0 0 0 0 0 0 4.36936353985161 0 0 0 0 0 7.00474069868829 0 14.1326776220659 0 15.5049580177848 8.15343121659583 9.32425239466315 2.2863025141307 0 0 0 0 0 0 0 0 0 0 0 0 0 0 0 0 0 0 0 0 0 0 0 0 4.15070179299767 0 0 0 0 0 0 0 0 0 0 0 0 0 0 0 0 0 0 0 0 0 0 0 0 0 0 0 0 0 0 0
0 0 0 0 0 0 0 0 0 0 0 0 0 0 0 0 0 0 0 0 0 0 0 0 0 0 0 0 0 0 0 0 0 0 0 0 0 0 0 0 0 0 0 0 0 0 0 0 0 0 0 0 0 0 0 0 0 0 0 0 0 14.5845870964431 8.82709636501938 13.1425866575943 0 0 0 0 0 0 0 0 0 1.92721617142843 0 0 0 0 0 0
0 0 0 0 0 0 3.22382192935299 0 0 0 0 0 0 0 0 0 0 0 0 7.08960032691283 0 0 0 0 0 0 0 0 0 0 0 0 0 0 0 0 0 0 0 0 0 0 0 0 0 0 0 0 0 0 0 0 0 0 0 0 0 0 8.47223172855398 0 9.69522337947389 7.61667495508169 4.93484924583216 6.85983462425747 8.50181219246267 0 7.41801638817198 0 0 0 0 0 0 0 0 1.45950659392602 0 0 0 0
0 0 0 0 0 0 0 0 0 0 0 0 0 0 0 0 0 0 0 0 0 0 0 0 0 0 0 0 0 0 0 0 0 0 0 0 0 0 0 0 0 0 0 0 0 0 0 0 0 0 0 0 0 0 0 0 0 0 10.108622828628 6.2792882707148 6.106133592572 8.67827240798379 8.89623979359037 18.675343650378 0 0 0 0 0 0 0 0 0 0 0 0 0 0 0 0
0 0 0 0 0 0 0 0 0 0 0 0 0 8.60656518231959 0 0 7.95834425434488 0 0 11.1631359842359 0 8.71465488843259 8.08321327963401 0 0 0 0 0 0 0 0 0 0 0 0 0 0 0 0 0 0 0 0 4.64945831092488 0 0 0 0 0 0 0 0 0 0 0 0 0 25.0930980286934 0 0 0 0 0 0 0 0 0 0 0 0 0 0 0 0 0 0 0 0 0 0
0 0 0 0 0 0 0 0 0 0 0 0 0 0 0 0 0 0 0 0 0 0 0 0 0 0 0 0 0 0 0 0 0 0 0 0 0 0 0 0 0 0 0 0 0 0 0 0 0 0 0 0 0 0 0 0 0 0 0 5.13754603489909 7.86777856866347 12.8324422267222 0 10.7598986794639 0 0 0 0 0 0 0 0 2.64987074488862 0 0 0 0 0 0 0
0 0 0 0 0 0 0 0 4.00413278884869 0 0 0 0 0 0 0 0 0 0 0 0 0 0 0 0 0 0 0 0 0 0 0 0 0 0 0 0 0 0 0 0 0 0 0 0 0 0 0 0 0 0 0 0 0 0 0 0 0 0 0 15.8966748700518 0 5.56667202998027 0 5.29790864502638 22.0854593833419 0 0 0 0 0 0 0 0 0 0 0 0 0 0
0 0 0 0 0 0 0 0 0 0 0 0 0 0 0 0 0 0 0 0 0 0 0 0 0 0 0 0 0 0 0 0 0 0 0 0 0 0 0 0 0 8.73360969233508 0 0 9.2290968598743 9.4425653495851 0 8.78932492128569 0 6.83531659132541 0 8.13895611163177 0 0 0 0 0 0 0 0 0 0 0 0 0 0 0 0 0 0 0 0 0 0 0 0 0 0 0 0
0 0 0 0 0 0 0 0 0 0 0 0 0 0 0 0 0 0 0 0 0 0 0 0 0 0 0 0 0 3.11852425251256 0 0 0 0 0 3.38329413668688 0 0 0 0 0 0 0 0 0 0 0 0 0 0 0 0 0 0 0 0 0 0 12.9580909782577 0 3.68160589754647 0 0 0 11.0208579363927 0 11.5195191873321 0 0 0 0 0 0 0 0 0 0 0 0 0
0 0 0 0 0 0 0 0 0 0 0 0 0 0 0 0 0 0 0 0 0 0 0 0 0 0 0 0 0 0 0 0 0 0 0 0 0 0 0 0 0 0 6.84750908192293 0 19.7706757326588 13.8431448643693 0 8.60600058210398 7.37604422795226 0 13.4532990674411 0 0 0 0 0 0 0 0 0 0 0 0 0 0 0 0 0 0 0 0 0 0 0 0 0 0 0 0 0
0 0 0 0 0 0 0 0 0 0 0 0 0 0 0 0 0 0 0 0 0 0 0 0 0 0 0 0 0 0 0 0 0 0 0 0 0 0 0 0 0 0 0 0 0 0 0 0 0 0 0 0 0 0 0 0 0 23.6060297734633 0 21.1938024066634 0 2.8439337593333 4.34960218074993 5.43372274886637 6.66980127534659 0 0 0 0 0 0 0 0 0 1.85652066986826 0 0 0 0 0
0 0 0 0 0 0 0 0 0 0 0 0 0 0 0 0 3.48907031430998 0 0 0 0 0 0 0 0 0 0 0 0 0 0 0 0 0 0 0 0 0 0 0 0 0 0 0 0 0 0 0 0 0 5.466930090951 0 0 0 0 0 0 0 0 10.6432229489622 0 7.20049827250066 6.58901705925967 13.474996048228 0 8.06805407912932 9.35386643457233 0 0 0 0 0 0 0 0 0 0 0 0 0
0 0 0 0 0 0 0 0 0 0 0 0 0 0 0 0 0 0 0 0 0 0 0 0 0 0 0 0 0 0 0 0 0 0 0 0 0 0 0 0 0 0 0 0 0 0 0 0 0 0 0 0 0 0 0 0 0 0 0 0 11.9622173970023 11.1029782309971 0 12.0094173216331 0 5.64262652784732 9.45397305002619 0 0 0 0 0 0 0 0 0 0 0 0 0
0 0 0 0 0 0 0 0 0 0 2.46431365800231 0 0 0 0 0 0 0 0 0 0 0 0 5.29031639482982 0 0 0 0 0 0 0 0 0 0 0 0 0 0 0 0 0 10.8677533687195 0 0 6.28035997896507 7.95190617730631 0 9.83228281342846 0 8.76608682213428 0 0 0 0 0 2.02974451448194 0 0 0 0 0 0 0 0 0 0 0 0 0 0 0 0 0 0 3.76711159680993 0 0 0 0 0
0 0 0 0 0 0 0 0 0 0 0 0 0 7.60426579740069 8.92168848166545 0 0 0 8.23531683012804 0 23.0827575243293 19.3887705810147 1.25363993493095 0 0 0 0 0 0 0 0 0 0 0 0 0 0 0 0 0 0 0 0 0 0 0 0 0 0 0 0 0 0 0 0 0 0 0 0 0 0 0 0 0 0 0 0 0 0 4.0380562580536 0 0 0 3.2983705348149 0 0 0 0 0 0
0 0 0 0 0 0 0 0 0 0 0 0 0 0 0 0 0 0 0 0 0 0 2.31352721760111 0 0 0 0 0 0 0 0 0 0 0 0 0 0 0 0 0 0 0 0 0 0 0 0 0 0 0 0 0 0 0 0 0 0 0 15.3849770990378 0 0 14.2526496257324 22.1963719760837 3.28274758591999 1.19049210628748 0 0 0 0 0 0 0 0 0 0 0 0 0 0 0
0 0 0 0 0 0 0 0 0 0 0 0 0 0 0 0 8.26070438513019 0 14.8941629338353 0 15.3865537737852 0 0 0 0 0 0 0 0 0 0 0 0 0 0 0 0 0 0 0 0 0 0 0 0 0 0 0 0 8.62978789008586 4.50820406610687 0 0 0 0 9.30207261819893 0 0 0 0 0 0 0 0 0 0 0 0 0 0 0 0 0 0 0 0 0 0 0 0
0 0 0 0 0 0 0 0 0 0 0 0 0 0 0 0 12.6168816983158 0 13.9294069749968 6.12649722978655 8.85070329908767 19.3696275413015 0 0 0 0 0.192358781959605 0 0 0 0 0 0 0 0 0 0 0 0 0 0 0 0 0 0 0 0 0 0 0 9.86503105645298 0 0 0 0 0 0 0 0 0 0 0 0 0 0 0 0 0 0 0 0 0 0 3.21749149882091 0 0 0 0 0 0
0 0 0 0 0 0 0 0 0 0 0 0 4.67687675101036 0 0 0 0 0 0 0 0 0 0 0 0 0 3.4756968992973 0 0 0 0 0 0 0 0 0 0 0 0 0 0 0 0 0 0 0 0 0 0 0 0 0 0 0 0 0 0 0 0 8.2183618574383 10.9036113333757 0 10.857100853977 5.80540445453471 0 10.3674640029823 6.40979487093706 0 0 0 0 0 0 0 0 0 0 0 0 0
0 0 0 0 0 0 0 0 0 0 0 0 0 0 0 0 0 0 0 0 0 0 0 0 0 0 0 0 0 0 0 0 0 0 0 0 0 0 0 0 0 0 0 0 0 0 0 0 0 0 0 0 0 0 0 0 0 12.9127504606129 0 28.545951517272 0 11.7683561275438 0 7.95786795871359 0 2.78414862599598 19.7556460519392 0 0 0 0 0 0 0 0 0 0 0 0 0
0 0 0 0 0 0 0 0 3.47839729447563 0 0 0 0 0 0 0 0 0 0 0 0 0 0 0 0 0 0 0 0 0 0 0 0 0 0 0 0 0 0 0 0 0 0 0 0 0 0 0 0 0 0 0 0 0 0 0 0 0 11.5599861559 6.53327316431338 0 5.91312194923613 10.4252901817249 7.34065930446257 0 0 0 0 0 0 0 0 0 0 0 0 0 0 0 0
0 0 0 0 0 0 0 0 0 0 0 0 0 0 0 0 0 0 0 0 0 0 0 0 0 0 0 0 0 0 0 0 0 0 2.62119934446074 0 0 0 0 0 0 0 4.86983259966686 0 0 0 0 0 0 0 0 0 0 0 0 0 0 0 11.3522766898766 13.250004922593 4.99600356151474 0 5.67880067105137 8.97985508024934 21.0367859560901 0 1.02131484170911 0 0 0 0 0 0 0 0 0 0 0 0 0
0 0 0 0 0 0 0 0 0 0 0 0 0 0 0 0 0 0 0 0 0 0 0 0 0 0 0 0 0 0 0 0 0 0 0 0 0 0 0 0 0 0 0 0 0 0 0 0 0 0 0 2.5682564399444 0 0 0 0 0 0 11.6808587398207 9.57013920068249 0 7.87270116740311 0 0 23.8548077901781 0 0 0 0 0 0 0 0 0 0 0 0 0 0 0
0 0 0 0 0 0 0 0 0 0 0 0 0 0 0 0 0 0 0 0 0 0 0 0 0 0 0 0 0 0 0 0 0 0 0 0 0 0 0 0 0 0 0 0 0 0 0 0 0 0 0 0 0 0 0 0 0 0 20.7456164129675 9.85792615149481 4.44066606345766 7.62210123765244 9.64959255265349 12.4396784566437 0 7.55237888202256 0 0 0 0 0 0 0 0 0 0 0 0 0 0
0 0 0 0 0 0 0 0 0 0 0 0 0 0 0 0 0 0 0 0 0 0 0 0 0 0 0 0 0 0 0 0 0 0 0 0 0 0 0 0 0 0 0 0 0 0 5.88859010958687 0 0 0 0 0 0 0 0 0 0 26.2570822428737 0 0 9.76859417990016 0 0 5.96800690470434 10.9000643928364 0 0 0 0 0 0 0 0 0 0 0 0 0 0 0
0 0 0 0 0 0 0 0 0 0 0 5.51901577868802 0 0 0 0 0 0 0 0 0 0 0 0 0 0 0 0 0 0 0 0 0 0 0 0 0 0 0 0 0 0 0 0 0 0 0 0 0 0 0 0 0 0 0 0 0 0 23.8184042097245 11.8406967527219 0 16.5763596402406 3.58386899362927 4.0741287475421 4.94742250701255 0 0 0 0 0 0 0 0 0 0 0 0 0 0 0
0 0 0 0 0 0 0 0 0 0 0 0 0 0 0 8.34782047147588 7.68042244328674 0 0 11.8621577737937 5.11835014503082 8.06505112601868 5.70290389698836 0 0 0 0 0 0 0 0 2.24888428505447 0 0 0 0 0 0 0 0 0 0 0 0 0 0 0 0 0 0 0 0 0 0 0 0 0 0 0 0 0 0 0 0 0 0 0 0 0 0 0 0 0 0 0 0 0 0 0 0
0 0 0 0 0 0 0 0 0 0 0 0 0 0 0 0 0 0 0 0 0 0 0 0 0 0 0 0 0 0 0 0 0 0 0 0 0 0 0 0 0 0 0 0 0 0 0 0 0 0 0 0 0 0 0 0 0 0 0 0 11.4066189099489 11.2028294118745 6.41169769765337 21.8711507673474 4.3298847666258 0 0 0 0 0 0 0 0 0 0 0 0 0 0 0
0 0 0 0 0 0 0 0 0 0 0 0 0 6.87840697342157 16.4775682122945 0 0 0 0 9.19098152813385 0 11.8168561658339 0 0 0.983853395639979 0 0 0 0 0 0 0 0 0 0 0 0 2.58145435045541 0 0 0 0 0 0 0 0 0 0 0 7.24797623780402 0 10.5553257937307 0 0 0 0 0 11.0073276588961 0 0 0 0 0 0 0 0 0 0 0 0 0 0 0 0 0 0 0 0 0 0
0 0 0 0 0 0 0 0 0 0 0 0 0 0 0 0 0 0 0 0 0 0 0 0 0 0 0 0 0 0 0 0 0 0 0 0 0 0 0 0 0 0 0 0 0 0 0 0 0 0 0 0 0 0 0 0 0 9.26119937749715 6.14562123226697 0 8.16025075827382 6.74605956038271 5.61678950522 5.10097123308275 7.51995922342142 3.63486334738069 0 0 0 0 0 0 0 0 0 0 0 0 0 0
0 0 0 0 5.10063061069276 0 0 0 0 0 0 0 0 0 0 0 0 0 0 0 0 0 0 0 0 0 0 2.71302623482356 0 0 0 0 0 0 0 0 0 0 0 0 15.2625418229398 0 0 0 0 0 8.93493399531489 5.31460647400972 11.5417046680466 0 3.08074478249257 0 0 0 2.04572169688993 0 0 0 0 0 0 0 0 3.77521558640483 0 0 0 0 0 0 0 0 0 0 0 0 0 0 0 0
