0 0 0 0 0 0 0 0 0 0 0 0 0 0 4.28165143791747 13.3160933002121 14.0357926639356 0 6.56503313343036 19.7595948019625 20.6552581738546 0 0 0 0 0 0 0 0 0 0 0 0 0 0 0 0 0 0 0 0 3.206812279259 0 0 0 0 0 9.12301851984036 0 13.2208219555065 3.35882418801955 2.42728158083044 0 0 0 0 0 0 0 0 0 0 0 0 0 0 0 0 0 0 0 0 0 0 0 0 0 0 0 0
0 0 0 0 0 0 0 0 0 0 0 0 0 26.628288714346 3.99812485860288 4.30193060387772 3.400231649803 5.91892267403472 4.23345365604021 2.01305561078342 0.847725632442199 0 0 0 0 0 0 0 0 0 0 0 0 0 0 0 0 0 0 0 0 0 0 0 0 0 10.9693698866972 7.68814598295792 2.69619031928146 0 13.0050802860704 0 0 0 0 0 0 0 0 0 0 0 0 0 0 0 0 0 0 0 0 0 0 0 0 0 3.25522602657771 0 0 0
0 0 0 0 0 0 0 0 0 0 0 0 5.11179193745143 0 0 5.08062505244451 6.69500554993782 7.89624649054275 7.59284587275871 0 4.43153834968096 2.21266422013805 0 0 0 0 0 0 0 0 0 0 0 0 0 0 0 0 0 0 0 0 0 0 0 0 0 28.6197826739378 0 13.3610885931467 5.5467325805413 0 0 5.78675731821679 0 0 0 0 0 0 0 0 0 0 0 0 0 0 0 0 0 0 0 0 0 0 0 0 0 0
0 0 0 0 0 0 0 0 0 0 0 0 0 0 0 0 0 0 0 0 0 0 0 0 0 0 0 0 0 0 0 0 0 0 0 0 0 0 0 0 0 0 16.6852047482895 4.00539912866564 5.6855913950856 2.96401101611566 3.52431957283413 11.6444414698621 5.29979777065483 7.70443001309619 6.38722249377105 0 0 0 0 0 0 0 0 0 0 0 0 0 0 0 0 0 0 0 0 0 0 0 0 0 0 0 0 0
0 0 0 0 0 0 0 0 0 0 0 0 0 9.0736591558965 13.7060508916537 0 23.6744117349522 8.76526031496214 0 4.81985752891061 5.47119345581987 3.2818795309424 0 0 0 0 0 0 0 0 0 0 0 0 0 0 0 0 0 0 0 0 0 0 0 0 0 0 7.33421513146981 8.36155802883061 7.2976734293084 0 7.74382411713973 0 7.95092408292621 0 0 0 0 0 0 0 1.29733020325501 0 0 0 0 2.38400074712862 0 0 0 0 0 0 0 0 0 0 0 0
0 0 0 0 0 0 0 0 0 0 0 0 0 0 0 0 25.2494922553344 0 0 0 5.48775337699046 0 0 0 0 0 0 0 0 0 0 0 0 0 0 0 0 0 0 0 0 0 0 0 0 0 3.77121401968925 0 0 0 0 0 5.20550112139677 11.4147340512931 0 0 0 0 0 0 0 0 0 0 0 0 0 0 0 0 0 0 0 0 0 0 0 0 0 0
0 0 0 0 0 0 0 0 0 0 0 0 0 0 6.87227952040517 0 27.0225575213037 0 10.6408968791444 0 11.1229120780533 3.94384870050186 0 0 0 0 0 0 0 0 0 0 0 0 0 0 0 0 0 0 0 0 0 0 0 0 0 13.8333109355098 3.88881643541761 20.6570765823502 6.13116464716415 0 0 0 0 0 0 0 0 0 0 0 0 0 1.03617865241332 0 0 0 0 0 0 0 0 0 0 0 0 0 0 0
0 0 0 0 0 3.54833504312095 0 0 0 0 0 0 0 0 0 7.17590492634105 0 9.60862397990844 8.39360829560619 0 8.49246601764598 2.54393424073105 0 0 0 0 0 0 0 0 0 0 0 0 0 0 0 0 4.1063157060976 0 0 0 0 0 0 0 0 8.72730055338244 0 0 6.57420733523799 7.81371048505538 0 0 0 0 0 0 0 0 0 0 0 0 0 0 0 0 0 0 0 0 0 0 0 0 2.62070322853824 0 0 0
0 0 0 0 0 0 0 0 0 0 0 0 14.0182174687027 0 0 13.0970826352531 3.63667941979734 5.49275831947247 5.90382047586832 1.5580126676448 20.7555220722803 6.61647194640813 0 0 0 0 0 0 0 0 0 0 0 0 0 0 0 0 0 0 0 0 0 0 0 0 0 0 10.9563166661097 8.69819097758983 2.57512282637283 0 9.27811517672894 0 0 0 0 0 0 0 0 0 0 0 0 0 0 0 0 0 0 0 0 0 0 0 0 0 0 0
0 0 0 0 0 0 0 0 0 0 0 0 0 0 4.1129090858083 9.85021821751865 0 13.0277720439491 6.05634720077128 12.1345970282919 5.00477922218273 0 0 0 0 0 0 0 0 0 0 0 0 0 0 0 0 1.80292204448125 0 0 0 0 0 0 0 0 0 4.77173966948853 7.59836620440988 7.31732420757799 0 0 0 0 0 0 0 0 0 0 0 0 0 0 0 0 0 0 0 0 0 0 0 0 0 0 0 0 0 0
0 0 0 0 0 0 0 0 0 0 0 0 0 0 0 10.2318842230968 10.3463912481036 7.79052101457241 5.46506519381155 5.63030785111379 0 8.28421485604987 20.6218590503239 0 0 0 0 0 0 0 0 0 0 0 0 0 0 0 0 0 0 0 0 0 0 0 0 6.9875553585831 0 5.66157343148211 0 0 7.98297905699601 0 0 0 0 0 0 0 0 0 0 0 0 0 0 0 0 0 0 0 0 0 0 0 0 0 0 0
0 0 0 0 0 0 0 0 0 0 0 0 0 7.57979375922308 8.62886996509424 0 9.52284577212374 0 14.0995102366113 8.31357538633927 2.83732966285648 4.95005168173378 5.13670187493175 0 0 0 0 0 0 0 0 0 0 0 0 0 0 0 0 0 0 0 0 0 0 0 0 0 4.74188095560697 24.7783674514242 7.99970543418171 4.71102788371761 0 0 0 7.00055058905897 0 0 0 0 0 0.89589505263778 0 0 0 0 0 0 0 0 0 0 0 0 0 0 0 0 0 0
0 0 0 0 0 0 0 0 0 0 0 0 0 0 0 14.3995467941324 9.08661359034658 0 5.70563767853285 0 8.73754570100726 2.60508546626866 0 0 0 0 0 0 0 0 0 0 0 0 0 0 0 0 0 0 0 0 0 0 0 0 0 24.2370266551242 21.5261519761271 2.18229228043182 0 0 0 21.8741817591948 0 0 0 0 0 0 0 0 0 0 0 0 0 0 3.17411049047774 0 0 0 0 0 0 0 0 0 0 0
0 0 0 0 0 0 0 0 0 0 0 0 0 0 0 0 0 0 0 0 0 0 0 0 0 0 0 0 0 0 0 0 0 0 0 0 0 0 0 0 0 0 0 0 0 0 0 0 0 0 0 0 0 0 0 0 0 0 0 9.30325015000701 0 0 12.1959399219871 0 0 0 0 0 0 0 0 0 0 0 0 0 0 0 0 0
0 0 0 0 0 0 0 0 0 0 0 0 0 0 7.69354829465033 4.2569656658621 0 9.73573314642061 11.3011019458241 3.40365385779783 3.99335810161315 1.09748000385752 0 0 0 0 0 0 0 0 0 0 0 0 0 0 0 0 0 0 0 0 0 0 0 0 16.6449391459495 0 11.2666894349129 25.73718034813 0 0 0 0 0 0 0 0 0 0 0 0 0 0 0 0 0 0 0 0 0 0 0 0 0 0 0 0 0 0
0 0 0 0 0 0 0 0 6.13165949870142 0 0 0 0 0 0 5.1724116259674 12.2571037950508 5.46978021677527 11.4672397397476 8.90431542930164 0 0 0 0 0 0 0.725521124024016 0 0 0 0 2.19217572075858 0 0 0 0 0 0 0 0 0 1.85209193859161 0 0 0 0 0 10.4692537794313 23.0831080505801 4.78969011183094 2.0948949558835 9.42186976115386 0 0 0.383165706030411 0 0 0 0 0 0 0 0 0 0 0 0 0 0 0 0 0 0 0 0 0 0 0 0 0
0 0 0 0 0 0 0 0 0 0 0 0 0 3.67640124819832 0 0 0 0 0 0 0 0 0 3.18937222346852 0 0 0 0 0 0 0 0 0 0 0 0 0 4.02541725627175 0 0 0 0 0 0 0 0 0 0 0 0 0 0 0 4.76343110081299 0 0 0 0 0 0 13.2635938206794 8.69603240209648 6.04711075115883 2.52103157009215 0 0 0 3.21755504833031 0 0 0 0 0 0 0 0 0 0 0 0
0 0 0 0 0 0 2.87500007033621 0 0 0 0 0 0 0 12.5778100760094 8.41820054539578 5.55892896981249 21.5611817255682 8.83686964707405 0.22900235260159 0 0.450577264179962 5.5113896333118 0 0 0 0 0 0.824709756641099 0 0 0 0 0 0 0 0 0 0 0 0 0 0 0 0 0 0 11.8127610573988 0 6.41010813836408 0 0 9.16233473498029 5.30166263190311 0 0 0 0 0 0 0 0 0 0 0 0 0 0 0 0 0 0 0 0 0 0 0 0 0 0
0 0 0 0 0 0 0 0 0 0 0 0 0 0 0 6.68391058473779 5.74333164405766 12.1312037131553 8.82941371122714 0 8.1099680198024 9.94922908572191 0 0 0 0 0 0 0 0 0 0 0 0 0 0 0 0 0 0 0 0 0 0 0 0 0 13.5334301183262 12.9360025818935 0 6.09175318547479 7.84660960872592 0 0 0 0 0 0 0 0 0 0 0 0 0 0 3.64110323786068 0 0 0 0 0 0 0 0 0 0 0 0 0
0 0 0 0 0 0 0 0 0 0 0 0 0 0 6.45760602316669 25.1167654597504 6.03679611517713 7.81069071831714 0 1.38370651796509 5.13102584406136 7.65863744613797 0 0 0 0 0 0 0 0 0 0 0 0 0 0 0 1.4367149191237 0 0 0 0 0 0 3.14700666649302 0 0 0 0 6.95884161754861 0 0 9.3458611066865 0 10.2968215904376 0 0 0 0 0 0 0 0 0 0 0 0 0 0 0 0 0 0 0 0 0 0 0 0 0
0 0 0 0 0 0 0 0 0 0 0 0 0 0 5.12727356686927 0 0 11.4111392779937 13.4630805111812 0 7.97402164636636 0.865528451716543 0 0 0 0 0 0 0 0 0 4.96805414821362 0 0 0 0 0 0 2.3885124599167 0 0 0 0 0 0 0 9.53597273697744 21.2846247846533 1.58019465438536 0 2.73582696693049 3.56124984963111 0 0 0 0 0 0 0 0 0 0 0 0 0 0 0 0 0 0 0 1.7182403140232 0 0 0 0 0 0 0 0
0 0 0 0 0 5.00575565578233 0 0 0 0 0 0 0 8.94221240403991 0 8.41217332247079 5.14118763481753 7.07976507431696 7.89271618284296 0 10.0231280131976 7.02392386347503 0 0 0.895437246138648 0 0 0 0 1.69074380732696 0 0 0 0 0 0 0 0 0 0 0 0 0 0 0 0 0 7.90686471734672 9.55321239702362 7.4936702099216 5.54199196986173 7.20810133445832 0 0 0 0 0 0 0 0 0 0 1.48335714767083 0 0 0 0 0 0 0 0 0 0 0 0 0 0 0 0 0
0 0 0 0 0 0 0 0 0 0 0 0 0 6.4632498315054 8.90129103533697 8.88904073841966 3.58620189721113 22.2385086675609 0 3.2564609706583 2.199451521326 17.6709198061165 0 2.5754797203256 0 0 0 0 0 0 0 0 0 0 0 0 0 2.70121509150797 0 0 0 0 0 0 0 0 0 0 7.60819357065295 23.5036581458098 0 15.1718703441559 13.6711154531015 0 0 0 0 0 0 0 0 0 0 0 0 0 0 0 0 0 0 0 0 0 0 0 0 0 0 0
0 0 0 0 0 0 0 0 0 0 0 0 0 0 6.93508535139295 11.0975346222072 6.79135121898412 5.54173137677546 8.5130899528393 0 0 8.21889456946403 10.2770230460761 0 0 0 0 0 0 0 0 0 0 0 0 0 0 0 0 0 0 0 0 0 0 0 0 27.4952882392226 7.27629990255953 5.7280682563744 1.95428626248157 7.64973423710625 0 0 0 0 0 0 0 0 0 0 0 0 0 0 0 0 0 0 0 0 0 0 0 0 0 0 0 0
0 0 0 0 0 0 0 0 0 0 0 0 0 0 0 5.74561269083293 5.46999813565314 0 9.42295426689438 0 23.5304358127856 3.43281993655502 0 0 0 0 0 0 0 0 0 0 0 0 0 0 0 0 0 0 0 1.5694022586404 0 0 0 0 0 4.27739972874448 5.68362798218925 5.84145866886947 11.2482006502857 3.06513860651003 0 0 0.998652586388854 0 0 0 0 0 0 0 0 0 0 0 0 0 0 0 0 0 0 0 0 0 0 3.98885347638526 0 0
0 0 0 0 0 0 0 0 0 0 0 0 0 0 0 0 0 0 0 0 0 0 0 0 0 0 0 0 0 0 0 0 0 2.60232157954374 0 0 0 0 0 0 0 13.979217436944 6.53838671378955 11.0876289508348 0 13.2954590227784 4.45362950656374 3.84681855228769 2.63132280678027 6.94150103908108 0 2.87629715269809 0 0 0 0 0 1.21756034330136 0 0 0 0 0 0 0 0 0 0 0 0 0 0 0 0 0 0 0 0 0 0
0 0 0 0 0 0 0 0 0 0 0 0 0 0 0 0 0 0 0 0 0 0 0 0 0 0 0 0 0 0 0 0 0 0 0 0 0 0 0 0 0 0 0 0 0 0 0 0 0 2.92348353111332 0 0 0 0 0 0 0 0 0 0 10.0647151334257 0 12.6771109192778 0 0 0 0 0 0 0 0 0 0 0 0 0 0 0 0 0
0 0 0 0 0 0 0 0 0 0 0 0 0 0 0 0 0 0 0 0 0 0 0 0 0 0 0 0 0 0 0 0 0 0 0 0 0 0 0 0 0 0 6.80892988701641 10.1832981482038 12.4051202060246 0 21.0461135046734 10.8972773878039 0 0.903453777715974 0 0 0 0 0 0 0 0 0 0 0 0 0 0 0 0 0 0 0 0 0 0 0 0 0 2.64794106711417 0 0 0 0
0 0 0 0 0 0 0 0 0 0 0 0 0 0 0 0 0 0 0 0 0 0 0 0 0 0 0 0 0 0 0 0 0 0 0 0 0 0 10.3466329894296 0 0 0 12.7117564587493 11.7834153480394 5.74050628691334 5.90095278313972 5.4832528040973 6.00067945347271 2.48595877412551 0 5.33251902341502 0 0 0 0 0 0 0 0 0 0 0 0 0 0 0 0 0 0 0 0 0 0 0 0 0 0 2.71032318413808 0 0
0 0 0 0 0 0 0 0 0 0 0 0 0 0 0 0 0 0 0 0 0 0 0 0 0 0 0 0 4.9158147803596 0 0 0 0 3.06005643296376 0 0 0 0 0 0 0 0 0 0 0 0 0 0 3.49901072242059 0 0 0 0 0 0 0 0 0 0 0 0 13.5506246444909 4.39784175080723 0 0 0 0 0 0 0 0 0 0 0 1.83420383023647 0 0 0 0 0
0 0 0 0 0 0 0 0 0 0 0 0 0 0 0 0 0 0 0 0 0 0 0 0 0 0 0 0 0 0 0 0 0 0 0 0 0 0 0 0 0 4.66651734974442 7.0906574748717 9.93604258019844 21.8774679479794 10.5446310610984 0.479778596225827 6.05450218848214 3.23621419143286 0 17.3535959095485 0 0 0 0 0 0 0 0 0 0 0 0 0 0 0 0 0 0 0 0 0 0 0 0 0 0 0 0 0
0 0 0 0 0 0 3.56675477342746 0 0 0 0 0 0 0 0 0 0 0 2.80133669884154 0 0 0 0 0 0 0 0 0 0 0 0 0 0 0 0 0 0 0 0 0 0 0 25.540267935096 0 7.19127833929011 21.3129351710909 6.56671864301408 0 7.93655786921671 0.10166264251788 6.73695076002786 0 0 0 0 0 0 0 0 0 0 0 0 1.11824831249851 0 0 0 0 0 0 0 0 0 0 0 0 0 0 0 0
0 0 0 0 0 0 0 0 0 0 0 0 0 3.11699389166085 0 5.78940694879833 6.42618979124952 7.52547150186238 8.62561280072061 2.26130312207212 0 22.3939077515399 0 0 0 0 0 0 0 0 0 0 0 0 0 0 0 0 0 0 0 0 0 0 0 0 0 6.99177032450341 21.2467128866689 9.29511170735017 10.0855924930036 0 0 0 0 0 0 0 0 0 0 0 0 0 0 0 0 0 0 0 0 0 0 0 2.01535443066907 0 0 0 0 0
0 0 0 0 0 0 0 0 0 0 0 0 0 0 0 0 0 0 0 0 0 0 0 0 0 0 0 0 2.25660831736296 0 0 0 0 0 0 0 0 0 0 0 0 6.75600973353746 10.7952898258205 6.72347228231764 0 7.22205351077241 9.1133155313306 2.76468504101669 9.99111132990112 0 24.6372297289815 0 0 0 0 0 0 0 0 0 0 0 0 0 0 0 0 0 0 0 0 0 0 0 0 0 0 0 0 0
0 0 0 0 0 0 0 0 0 0 0 0 0 0 0 0 0 0 0 0 0 0 0 0 0 0 0 0 0 0 0 0 0 0 0 0 0 0 0 0 0 9.07307296108306 7.85003103489308 10.6870799008521 0 28.0786001944097 6.19996729954082 4.15437067285753 3.42958014906473 4.73925663636859 3.61010269274894 0 0 0 0 0 0 0 0 0 0 0 0 0 0 0 0 0 0 0 0 0 0 0 0 0 0 0 0 0
0 0 0 2.98694548501856 0 0 0 0 0 0 0 0 0 0 0 0 0 0 0 0 0 0 0 0 0 0 0 0 0 0 0 0 0 0 0 0 0 0 0 0 0 0 7.69172853787379 10.7590761429158 5.37948571964114 8.68762080230396 20.7665291207438 4.44931401753316 5.67609665606292 0 0 0 0 0 0 0 0 0 0 0 0 0 0 0 0 0 0 0 0 1.53788297258193 0 0 0 0 0 0 0 0 0 0
0 0 0 0 0 0 0 0 0 0 0 0 0 0 0 0 0 0 0 0 0 0 0 0 0 0 0 0 0 0 0 0 0 0 0 0 0 0 0 0 5.59777254330903 0 25.5254723114392 8.87117252386767 7.59489614658627 3.93378335102476 0 0 3.79057928309561 2.54017580800787 0 0 0 0 0 0 0 0 0 0 0 0 0 0 0 0 0 0 0 0 0 0 0 0 0 0 0 0 0 0
0 0 0 0 0 0 0 0 0 0 0 0 0 0 0 0 0 0 0 0 0 0 0 0 0 0 0 0 0 0 0 0 0 0 0 0 0 0 0 0 3.18814237832592 0 0 22.8944953902479 6.97666226059313 4.93322470448802 7.20106924263286 0 6.21443112361057 1.86992741342225 0.706477711231614 0 0 0 0 0 0 0 0 0 0 0 0 0 0 0 0 0 0 0 0 0 0 0 0 0 0 0 0 0
0 0 0 0 0 0 0 0 0 0 0 0 0 0 0 0 0 0 0 0 0 0 0 0 0 0 0 0 0 0 0 0 0 0 0 0 0 0 0 0 0 10.9457997282231 7.75019076796527 0 10.0306188263765 3.28233022532934 20.5398096875089 7.38509924322307 18.7410608540065 2.82714868167444 0 1.97394060454862 0 0 0 0 0 0 0 0 0 0 0 0 0 0 0 0 0 0 0 0 0 0 0 0 0 3.303935231776 0 0
0 0 0 0 0 0 0 0 3.81692594628039 0 0 0 0 0 0 0 0 0 0 0 0 0 0 0 0 0 0 0 0 0 0 0 0 0 0 0 0 0 0 0 0 0 0 11.4357314586187 10.5877266145265 8.56696601045716 0 3.72366732402311 0 0 0 0 0 0 0 0 0 0 0 0 4.9336997640899 0 0 0 0 0 0 0 0 0 0 0 0 0 0 0 0 0 0 0
0 0 0 0 0 0 0 0 2.46803979134335 0 0 0 0 0 10.1032781337212 7.01578879091275 0 6.34728071800425 0 6.3310866442256 22.673548237786 0.0566404284051245 0 0 0 0 0 0 0 0 0 0 0 0 0 0 0 0 0 0 0 0 0 0 0 0 0 0 10.0384543215608 6.98647790871179 7.00969322610675 0 0 7.00681956909438 6.42271551069297 0 0 0 0 0 0 0 0 1.72204347126294 0 0 0 0 0 0 0 0 2.18782218074755 0 0 0 0 0 0 0
0 0 0 0 0 0 4.45301710325045 0 0 0 0 0 0 0 0 0 0 0 0 0 0 0 2.90205816422237 0 0 0 0 3.23203961292512 0 0 0 0 0 0 0 0 0 0 0 0 0 0 0 0 0 0 0 0 0 0 0 0 0 0 0 0 0 0 0 0 11.0641274558984 0 0 0 0 0 0 13.1986268245371 0 0 0 0 0 0 0 0 0 0 0 0
0 0 0 0 0 0 0 0 0 0 0 0 0 0 0 0 0 0 0 0 0 0 0 3.2876433960395 0 0 0 0 0 0 0 0 0 0 0 0 0 0 0 0 0 0 14.9061531163089 0 13.6963689270491 0 0 5.56940964749868 5.0719643381341 4.33772721374725 0 0 0 0 0 0 0 0 0 0 0 0 0 0 0 0 0 0 0 0 0 0 0 0 0 0 0 0 0 0
0 0 0 0 0 0 0 0 0 0 0 0 0 0 0 0 0 0 0 0 0 0 0 0 0 0 0 0 0 0 0 0 0 0 0 0 0 0 0 0 0 0 0 9.76039947228241 14.3896289254646 6.9845453607389 0 4.17236006147198 9.66308158383383 0 11.3600352698582 0 0 0 0 0 0 0 0 0 0 0 0 0 0 0 0 0 5.84652753235903 0 0 0 0 0 0 0 0 0 0 0
0 0 0 0 0 0 0 0 0 0 0 0 0 0 0 0 0 0 0 0 0 0 0 0 0 0 0 0 0 0 0 0 0 0 0 0 0 0 0 0 0 0 10.4125778695232 5.35277414914029 10.0261065354934 5.61912162958999 19.426230091008 1.48938539492311 0 5.39016314101929 0 0 0 0 0 0 0 0 0 0 0 0 0 0 0 0 0 0 0 0 0 0 0 0 0 0 0 0 0 0
0 0 0 0 0 0 0 0 0 0 0 0 0 0 0 8.14275687943083 0 15.0033164961654 0 11.1784461059348 0 0 0 0 0 0 0 0 0 0 0 0 0 0 1.64174058178433 0 0 0 0 0 0 0 3.47437816911409 0 0 0 0 4.14870644116775 0 5.53357472455275 8.3836384504784 0 16.1921381446756 0 6.32012942891249 0 0 0 0 0 0 0 0 0 0 0 0 0 0 0 0 0 0 0 2.19193501937284 0 0 0 0 0
0 0 0 0 4.59536322023876 0 0 0 0 0 0 0 0 0 0 0 0 0 3.82546750905771 0 0 0 0 0 0 0 0 3.17246982905859 0 0 0 0 0 0 0 0 0 0 0 0 0 0 0 0 0 0 0 0 0 0 0 0 0 0 0 0 0 0 0 0 0 13.4880218944194 6.12637983554746 24.0396085227246 0 0 0 0 0 0 0 0 0 0 0 0 0 0 0 0
0 0 0 0 0 0 0 0 0 0 0 0 0 0 0 10.0348733968545 0 27.7859890743181 0 3.45854038952247 17.8905485545735 0 0 0 0 0 0 0 0 0 0 0 0 0 0 0 0 0 0 2.01652320873427 0 0 0 0 0 0 0 7.83382085198367 14.2837147180724 20.2219279465514 4.13710245668229 4.02552097433596 0 0 0 0 0 0 0 0 0 0 0 0 0 0 0 0 0 0 0 0 0 0 0 2.41684439835051 0 0 0 0
0 0 0 0 0 0 0 0 0 0 0 0 0 0 0 11.2604562503862 0 14.1267537574832 11.5325531951188 8.24550536837481 22.5313445705935 0 20.6223314216849 0 0 0 0 0 0 0 0 0 0 0 0 0 0 0 0 0 0 0 0 0 0 0 0 23.1758605129904 6.24828039987242 8.459916948646 19.8934829395141 0 0.922650676156735 0 0 0 0 0 0 0 0 0 0 0 0 0 0 0 0 0 0 2.91682015085254 0 0 0 0 0 0 0 0
0 0 0 0 0 0 0 0 0 0 0 0 0 0 0 0 0 0 0 0 0 0 0 0 0 0 0 0 0 0 0 0 0 0 0 0 0 0 0 0 0 7.73784908741575 7.51514363327239 0 4.77292571568934 7.38312316158093 21.3962695354995 5.21204020649272 3.08997498007222 0 0 0 0 0 0 0 0 0 0 0 0 0 0 0 0 0 0 0 0 0 0 0 0 0 0 0 0 0 3.52228280037902 0
0 0 0 0 0 0 0 0 0 0 0 0 0 0 0 0 0 0 0 0 0 0 0 0 0 0 0 0 0 0 0 0 0 0 3.92089146128711 0 0 0 0 0 0 3.56113182501612 0 7.87607024338736 8.13464540177789 0 7.29534791508329 12.4268925672632 3.81439260700373 9.6993175636316 5.92488231196987 0 0 0 0 0 0 0 0 0 0 0 0 0 0 0 0 0 1.48094256754689 0 0 0 0 0 0 0 0 0 0 0
0 0 0 0 0 0 0 0 0 0 0 0 0 0 0 0 0 0 0 0 0 0 0 0 0 0 0 0 0 0 0 0 0 0 0 0 0 0 0 0 0 0 0 7.68171326923324 0 6.13633155164268 7.46826905393403 8.17820697117105 0 0 0 0 0 0 0 0 0 0 0 0 0 0 0 0 0 0 0 0 1.65945524670741 0 0 0 0 0 0 0 0 0 0 0
0 0 0 0 0 0 0 0 0 0 0 4.47649569328684 0 0 0 0 0 0 0 0 0 0 0 0 0 0 0 0 0 0 0 0 0 0 0 0 0 0 0 0 3.31567582836382 0 0 5.00762173428184 9.58693513901888 24.7563764223643 0 10.0880730884668 6.91521091675579 8.78826998722368 3.99091685851509 0 0 0 0 0 0 0 0 0 0 0 0 0 0 0 0 0 0 0 0 0 0 0 0 0 0 0 0 0
0 0 0 0 0 0 0 0 0 0 0 0 2.97192365964599 0 0 0 0 0 0 0 0 0 0 0 0 0 0 4.2345283283461 0 0 0 0 0 0 0 0 0 0 0 0 0 14.1446841251173 4.05605900262368 0 11.7974168587302 15.6008886703321 0 1.65156887585842 21.5564694846434 0.868564222997513 0 0 0 0 0 0 0 0 0 0 0 0 0 0 0 0 0 0 0 0 0 0 0 0 0 0 0 0 0 0
0 0 0 0 0 0 0 0 0 0 0 0 0 0 0 0 0 0 0 0 0 0 0 0 0 0 0 0 0 0 0 0 0 0 0 0 0 0 0 0 6.43659090124805 0 9.61416359224251 8.36025521120851 7.62687064375757 4.90767798897332 5.85696268054134 10.8639802723457 0 0 18.3172707533224 0 0 0 0 0 0 0 0 0 0 0 0 0 0 0 1.77097754768033 0 0 0 0 0 0 0 2.19962077575385 0 0 0 0 0
0 0 0 0 0 0 0 0 0 0 0 0 0 0 0 0 0 0 0 0 0 0 0 0 0 0 0 0 0 0 0 0 0 0 0 0 0 0 0 0 0 0 11.8520479663303 0 0 16.0676891282254 7.1969813601444 9.22931525173963 1.48759110355215 6.97294432910562 6.42186316898795 3.77479295297621 0 0 0 0 0 0 0 0 0 0 0 0 0 0 0 0 0 0 0 0 0 0 0 0 0 0 0 0
0 0 0 0 0 0 2.21309672510191 0 0 0 0 0 0 0 0 0 2.51060390200818 0 0 0 0 0 0 0 0 0 0 0 0 0 0 0 0 0 0 0 0 0 0 0 0 5.97419589460935 0 24.9704759802299 0 15.2939888403053 1.85441301214921 0 0 0 0 0 0 0 0 0 0 0 0 0 0 0 0 0 0 0 0 0 0 0 0 0 0 0 0 0 0 0 0 0
0 0 0 0 0 0 0 0 0 0 0 0 0 0 0 0 0 0 0 0 0 0 0 0 0 0 0 0 0 0 4.09244892184412 0 0 0 0 0 3.7954350616117 0 0 0 0 4.35345867074915 8.83337272041617 7.54734095644505 12.8219791158765 0 7.65169558718883 4.65863873473769 5.5187378183715 2.28467454532655 0 0 0 0 0 0 0 0 0 0 0 0 0 0 0 0 0 0 0 0 0 0 0 0 0 0 0 0 0 0
0 0 0 0 0 0 0 0 0 0 0 0 0 0 0 0 0 0 0 0 0 0 0 0 0 0 0 0 0 0 0 0 0 0 0 0 0 0 0 0 0 0 0 0 3.43417692856266 0 0 0 0 0 0 0 0 0 0 0 0 0 0 0 5.84960247612096 0 4.70718915153066 22.8575355662953 0 0 0 7.80195223003138 0 0 0 0 0 0 0 0 0 0 0 0
0 0 0 0 0 0 0 0 0 0 0 0 0 0 0 0 0 0 0 0 0 0 0 0 0 0 0 0 2.57986901944698 0 0 0 0 0 0 0 0 0 0 0 0 0 3.21342367902081 0 0 0 0 0 0 0 0 0 0 0 0 0 0 0 0 0 16.3952232832334 0 15.4234354609881 5.27843167805397 0 0 0 0 0 0 0 0 0 0 0 0 0 0 0 0
0 0 0 0 0 0 0 0 0 0 0 0 0 0 0 0 0 0 0 0 0 0 0 0 0 0 0 0 0 0 0 0 0 0 0 0 0 0 0 0 0 10.0481225779558 6.30820937015352 6.28968510379939 0 5.76830504763219 10.1527855542459 4.90357107740073 7.53535618823228 10.406617151659 14.6749999248172 0 0 0 0 0 0 0 0 0 0 0 0 0 0 0 0 0 0 0 0 0 0 0 0 0 0 0 0 0
0 0 0 5.80336358092829 0 0 0 0 0 0 0 0 0 0 0 0 0 2.10866719853101 0 0 0 0 0 0 0 0 0 0 4.38012599224644 0 0 0 0 0 0 0 0 0 0 0 0 0 8.08319902963886 10.2218975440091 0 28.3844248412945 10.6036039493098 0.109506813558177 1.91236939916163 4.15042368393768 0 0 0 0 0 0 0 0 0 0 0 0 0 2.1264683062992 0 0 0 0 0 0 0 0 3.09625880662919 0 0 0 0 0 0 0
0 0 0 0 0 0 0 0 0 0 0 0 0 0 0 0 0 0 0 0 0 0 0 0 0 0 0 0 0 0 0 0 0 0 0 0 0 0 0 0 8.06817077695248 13.9439613261845 4.79503338981793 0 7.0279570600657 0 11.1639994228272 5.79045247093977 6.00144285607154 1.89414891736538 0 0 0 0 0 0 0 0 0 0 0 0 0 0 0 0 0 0 0 0 0 0 0 0 0 0 0 0 0 0
0 0 0 0 0 0 0 0 0 0 0 0 0 0 0 0 0 0 0 0 0 0 0 0 0 0 0 0 0 0 0 0 0 0 0 0 0 0 0 0 0 0 24.760799757101 11.9042673275822 2.75957669719654 8.70090724682426 0 6.1991743322111 0 0 1.8305415310528 1.70208860910187 0 0 0 0 0 0 0 0 0 0 0 0 0 0 0 0 0 0 0 2.29263100639108 0 0 0 0 0 0 0 4.05089261040115
0 0 0 0 0 0 0 0 0 0 0 0 0 0 0 0 3.05008993545738 0 0 2.89112521754959 0 0 0 0 0 0 0 0 0 0 0 0 0 0 0 0 0 0 0 0 6.85102164778667 0 13.0549933705548 22.3609679813468 10.054458582208 0 12.2443347966758 0 6.0907245929725 0.146099911420301 4.31852113285132 0 0 0 0 0 0 0 0 0 0 0 1.45853175498347 0 0 0 0 0 0 0 0 0 0 0 0 0 2.00675404237795 0 0 0
0 0 0 0 0 0 0 0 0 0 0 0 0 0 0 0 0 3.12869730167295 0 0 0 0 0 0 0 0 0 0 0 0 0 0 0 0 0 0 0 0 0 0 0 23.4047749214826 0 7.70446313178756 5.52613371108726 5.65038281828834 0 21.4357130116701 2.64004838071285 2.16441990038251 0 0 0 0 0 0 0 0 0 0 0 0 0 0 0 0 0 0 0 0 0 0 0 0 0 0 0 0 0 0
0 0 0 0 0 0 0 0 0 0 0 0 0 0 0 0 0 0 0 0 0 0 0 0 0 0 0 0 0 0 0 0 0 0 0 0 0 0 0 0 0 0 16.6595505604764 11.0480453854366 4.66094952782049 4.59566214439704 3.68530455779958 7.37774033220395 0 10.0410624121013 0 0 0 0 0 0 0 0 0 0 0 0 0 0 0 0 0 0 0 0 0 0 0 0 0 0 0 3.09778143835801 0 0
0 0 0 0 0 0 0 0 0 0 0 0 0 0 0 0 0 0 0 0 0 0 0 0 0 0 0 0 0 0 0 0 0 0 0 0 0 0 0 0 0 0 5.96805781799846 0 0 0 0 0 0 0 0 0 0 0 0 0 0 0 0 0 0 17.735282926994 0 7.84173562370958 0 23.3899042206284 0 0 0 0 0 0 0 0 0 0 0 0 0 0
0 0 0 0 0 0 3.86809802993734 0 0 0 0 0 0 0 0 0 0 0 0 0 0 0 0 3.17950763248311 0 0 0 0 0 0 0 0 0 0 0 0 0 0 0 0 0 0 0 0 0 0 0 0 0 0 0 0 0 0 0 0 0 0 0 11.8362210850961 0 14.7253704823982 3.83118504503107 0 0 0 0 0 0 0 0 0 0 0 0 0 0 0 0 0
0 0 0 0 0 0 0 0 0 0 0 0 0 6.41855729973122 0 5.1575692431148 14.4463740283948 21.8717368287929 6.48434435393933 0 2.99401918291981 0 5.91788900717015 0 0 0 0 0 0 0 0 0 0 0 3.66317700454259 0 0 0 0 0 0 0 0 0 0 0 0 8.57467731184834 28.7176658394836 0 3.93917404607298 0 8.54721939537843 0 0 0 0 0 0 0 0 0 0 0 2.25069068839954 0 0 0 0 0 0 0 0 0 0 0 0 0 0 0
0 0 0 0 3.18083197786916 0 0 0 0 0 0 0 0 0 0 0 0 0 0 0 0 0 0 0 0 0 0 0 0 0 0 0 0 0 0 0 0 0 0 0 0 0 0 0 0 0 0 0 0 0 0 0 0 0 0 0 0 0 0 12.5855245229587 0 8.37527348159678 7.23866524123908 6.66908888272987 0 0 0 0 8.40726634851334 0 0 0 0 0 0 0 0 0 0 0
0 0 0 0 0 0 0 0 0 0 0 0 0 0 0 0 0 0 0 0 0 0 0 0 0 0 0 0 0 0 0 0 0 0 0 0 0 0 0 0 0 0 3.06305394003699 0 0 0 0 5.02892702041727 0 0 0 0 0 0 0 0 0 0 3.3842947308091 0 0 12.5397592330594 23.9370591446784 0 0.419356359015225 0 0 0 0 0 0 0 0 0 0 0 0 0 0 0
0 0 0 0 0 0 0 0 0 0 0 0 0 0 0 0 0 0 0 0 0 0 0 0 0 0 0 0 0 0 0 0 0 0 0 0 0 0 0 0 0 0 0 0 0 0 0 0 0 0 0 0 0 0 0 0 0 0 0 0 0 0 28.456232763415 8.23373269407906 0 1.78150478643749 0 0 0 0 0 0 0 0 0 0 0 0 0 0
0 0 0 0 0 0 0 0 0 0 0 0 0 0 0 0 5.57827619800803 24.3511227616574 13.1670836024695 0 7.2174153557375 0 0 0 0 0 0 0 0 0 0 0 0 0 0 0 0 0 0 0 0 0 0 0 0 0 0 4.53051515816695 10.4452182549723 5.59944292846371 5.92064842454564 6.24175432432152 0 6.3048533601708 3.42679344812176 0 0 0 0 0 0 0 0 0 0 0 3.63703985299968 0 0 0 0 0 0 0 0 0 0 0 0 0
0 0 0 0 0 0 0 0 3.41734683715681 0 0 0 0 0 0 0 0 0 0 0 0 0 0 0 0 0 0 0 0 0 0 0 0 0 0 0 0 0 0 0 0 0 0 0 0 0 0 0 0 0 0 0 0 0 0 0 0 0 0 0 0 0 14.6684858197882 0 0 0 0 0 0 0 0 0 0 0 0 0 0 0 0 0
0 0 0 0 2.44151568379326 0 0 0 0 0 0 0 0 0 0 0 0 0 0 0 0 0 0 0 0 0 0 0 0 0 0 0 0 0 0 0 0 0 0 0 0 0 0 0 0 0 0 0 0 0 0 0 0 0 0 0 0 0 0 0 0 0 9.94896015219922 0 0 2.88843107793506 0 0 0 0 0 0 0 1.67609644999341 0 0 0 0 0 0
0 0 0 0 0 0 0 0 0 0 0 2.57156070197434 0 0 0 0 0 0 0 0 0 0 0 0 0 0 0 0 0 0 5.5169227306037 0 0 0 0 0 0 0 0 0 0 0 0 5.52320533995165 12.7044819586038 4.19209689751902 8.62939083403864 10.5543079988646 0 7.31588352608939 0 0 0 0 0 0 0 0 0 0 0 0 0 0 0 0 0 0 0 0 0 4.06409408647429 0 0 0 0 0 0 0 0
0 0 0 0 0 0 0 0 0 0 0 0 0 0 0 0 0 0 0 0 0 0 0 0 0 0 0 0 0 0 3.10346017419416 0 0 0 0 0 0 0 0 0 0 0 0 0 0 0 0 0 0 0 0 0 0 0 0 0 0 0 5.53146416371378 0 6.42801368724022 5.85920317308316 0 0 0 0 0 0 0 0 0 0 0 0 5.56080628491596 0 0 0 0 0
0 0 0 0 0 0 0 0 0 0 0 0 0 0 0 0 0 0 0 0 0 0 0 0 0 0 0 0 0 0 0 0 0 0 0 0 0 0 0 0 0 0 9.96684547020174 8.04780108642201 5.2456611552725 15.4113926784055 6.05147134168392 2.00167713096916 8.79167805945644 0 0 0 0 0 0 0 0 0 0 0 0 0 0 0 0 0 0 0 0 0 0 0 0 1.74383013411362 0 0 0 0 0 0
0 0 0 0 0 0 0 0 0 0 0 0 0 0 0 0 0 0 0 0 0 0 0 0 0 0 0 0 0 0 0 0 0 0 0 0 0 0 0 0 0 0 0 0 0 0 0 0 0 0 0 0 0 0 0 0 0 0 0 25.1445926885733 20.9038139895913 2.71322406474721 0 0 8.2325513434071 0 0 0 0 0 0 1.15817615442068 0 0 0 0 0 0 0 0
0 0 0 0 0 0 0 0 0 0 0 0 0 0 0 0 0 0 0 0 0 0 0 0 0 0 0 0 0 0 0 0 0 0 0 0 0 0 0 0 0 0 0 0 0 0 0 0 0 0 0 0 0 0 0 0 0 0 0 0 9.98396417698943 0 8.89059603372098 0 2.87507578504194 0 0 3.27375099135496 0 0 2.47464952771671 0 0 0 0 0 0 0 0 0
0 0 3.21244276671189 0 0 0 0 0 0 0 0 0 0 0 0 0 0 0 0 0 0 0 0 0 0 0 0 0 0 0 0 0 0 0 0 0 0 0 0 0 0 0 0 0 0 0 0 0 0 0 0 0 0 0 0 0 0 0 6.22249674481487 0 0 13.3045069389529 0 9.19809489878 0 0 7.93317581733232 0 0 0 0 0 0 0 0 0 0 0 0 0
0 0 0 0 0 0 0 0 0 0 0 0 0 0 0 0 0 0 0 0 0 0 0 0 0 0 0 0 0 0 0 0 0 0 0 0 0 0 0 0 0 9.92806527616337 0 5.95774375943539 9.19212313375647 4.03984719043901 11.0510389790937 3.69332511453347 0 9.74832838069352 0 0 0 0 0 0 0 0 0 0 0 0 0 0 0 0 0 0 0 0 0 0 0 0 0 0 0 0 0 0
0 0 0 0 0 0 0 0 0 0 0 0 0 0 8.51902410851853 0 5.63634393107655 14.7460209537982 6.1840894776213 24.7473434685304 17.0679284032224 0 0 0 0 0 0 0 0 0 0 0 0 0 0 0 0 0 0 0 0 0 0 0 0 0 0 4.93790663691924 12.1983022650541 24.8291879333358 2.3987091407434 4.34246914442993 0 0 0 0 0 0 0 0 0 0 0 0 0 0 0 0 0 0 0 3.23267605236337 0 0 0 0 0 0 0 0
0 0 0 0 0 0 0 0 0 0 0 0 0 0 0 0 0 0 0 0 0 0 0 0 0 0 0 0 0 0 0 0 0 0 4.78354035436592 0 0 0 0 0 0 0 0 0 0 0 0 0 0 0 0 0 0 0 0 0 0 0 0 0 17.9565874096761 0 28.5643342021582 0 0 0 0 0 0 0 0 0 0 0 0 0 0 0 0 0
0 0 0 0 0 0 0 0 0 0 0 0 0 22.567283551927 8.91981619960183 0 0 8.9213515856108 3.75342644520775 0 25.1713187369516 0 0 0 0 0 0 0 0 0 0.157725638168817 0 0 0 0 0 0 0 0 0 0 0 0 0 0 0 0 0 0 24.5785519823241 4.1888553581418 0 8.72962308386857 0 0 0 0 0 0 0 0 0 0 0 0 0 0 0 0 0 0 0 0 0 0 5.45555980054313 0 0 0 0
0 0 0 0 0 0 0 0 0 0 0 0 0 0 0 0 16.5268040213931 8.92989098158402 11.3423272946522 0 0 11.1498102984757 0 0 0 0 0 0 0 0 0 0 0 0 0 0 0 0 0 0 0 0 0 0 0 0 0 10.6311789543703 4.77626747590181 6.85988140872052 0 14.836892909313 0 0 0 0 0 0 0 0 0 0 0 0 2.20117553596485 0 0 0 0 0 0 0 0 0 0 0 0 0 0 0
0 0 0 0 0 0 0 0 0 0 0 0 0 0 0 0 0 0 0 0 0 0 0 0 0 0 0 0 0 0 0 0 0 0 0 0 0 0 0 0 0 0 0 0 0 0 0 0 0 0 0 0 0 0 0 0 0 0 0 0 0 0 17.0669261534043 11.0633209878924 5.86030321798029 0 0 0 0 0 0 0 0 0 0 0 0 0 0 0
0 0 0 0 0 0 0 0 0 0 0 0 0 0 0 0 0 0 0 0 0 0 0 0 0 0 0 0 0 0 0 0 0 0 0 0 0 0 0 0 0 0 0 0 0 0 0 0 0 0 3.04298245628877 0 0 0 0 0 2.39258962438416 0 0 0 0 5.18886039433325 8.21622246655368 12.6930771271474 2.01664654239213 0 0 0 0 0 0 0 0 0 0 0 0 0 0 0
0 0 0 0 0 0 0 0 0 0 0 0 0 0 0 0 0 0 0 0 0 0 0 0 0 0 0 0 0 0 0 0 0 0 0 0 0 0 0 0 0 0 0 0 0 0 0 0 0 0 0 0 0 0 0 0 3.4337726240437 0 0 0 0 5.13058268065546 9.66703068106431 0 0 0 0 0 0 0 0 2.92041431231519 0 0 0 0 0 0 0 0
0 0 0 0 0 0 0 0 0 0 0 0 0 0 0 0 2.3685529816242 0 0 0 0 0 0 0 0 0 0 0 0 0 0 0 0 0 0 0 0 0 0 0 0 0 0 0 0 0 0 0 0 0 0 0 0 0 0 0 0 0 0 0 8.95936251666648 0 11.2426641060588 0 11.7340954977577 0 0 0 0 0 0 0 0 0 0 0 0 0 0 0
0 0 0 0 0 0 0 0 0 0 0 0 0 0 0 0 0 0 0 0 0 0 0 0 0 0 0 0 0 0 0 0 0 0 0 0 0 0 0 0 0 0 0 0 0 0 0 0 0 0 0 0 0 0 0 0 0 0 0 0 6.20260863100574 10.8148333885046 0 5.54663552894782 3.05072952174544 0 0 0 0 0 0 0 0 0 0 0 0 0 0 0
0 0 0 0 0 0 0 0 0 0 0 0 0 0 0 0 0 0 0 0 0 0 0 0 0 0 0 0 0 0 0 0 0 0 0 0 0 0 0 0 0 0 0 0 0 0 0 3.21578195377622 0 0 0 0 0 0 0 0 0 0 0 3.65091056298372 0 13.1527316761916 16.0906749413 0 0 0 0 4.59251255185555 0 0 0 0 0 4.58941414051473 0 0 0 0 0 0
0 0 0 0 0 0 0 0 0 0 0 0 0 0 0 0 0 0 0 3.62895735220931 0 0 0 0 0 0 0 0 0 0 0 0 0 0 0 0 0 0 0 0 2.82650802566983 0 0 0 0 0 0 0 0 0 0 0 0 0 0 0 0 0 0 0 10.4173828724603 0 14.5643152690265 0 0 0 1.77283574300635 0 0 0 0 0 2.77102126328978 0 0 0 0 0 0 0
0 0 0 0 0 0 0 0 0 0 0 0 0 0 1.94144120280092 0 0 0 0 0 0 0 0 0 0 0 0 0 0 0 3.91959718667853 0 0 0 0 0 0 0 0 0 0 0 0 0 0 0 0 0 0 0 0 0 0 0 0 0 0 0 0 0 0 26.5988047751091 0 16.4553382652941 2.05776711053692 0 0 0 0 0 0 0 0 0 0 0 0 0 0 0
0 0 0 0 0 0 0 0 0 0 0 0 0 0 6.41783539754034 7.60467333840976 4.66594058821739 4.96422498676572 3.99463597010683 3.63479361977601 0 0 0 0 0 0 0 0 0 0 0 0 0 0 0 0 0 0 0 0 0 5.13547524748253 0 0 0 0 0 10.9197434163334 0 0 9.64113162733561 0 7.12116892726607 0 0 0 0 0 0 0 0 0 0 0 0 0 0 0 0 0 0 0 0 0 0 2.88405141194372 0 0 0 0
0 0 0 0 0 0 0 0 2.73655326035885 0 0 0 0 0 0 0 0 0 0 0 2.70522008555682 0 0 0 0 0 0 0 0 0 0 0 0 0 0 0 0 0 0 0 0 0 0 0 0 0 0 0 0 0 0 0 0 0 0 0 0 0 0 0 0 16.0149737842746 5.26906898315291 0 0 0 0 0 0 0 0 0 0 0 0 0 0 0 0 0
0 0 0 0 0 0 0 0 0 0 0 0 0 5.11468946059062 21.8110298443104 9.92619765639052 6.40400908719066 7.57849302768941 1.42393846347982 9.56908867022617 0 13.0597542140694 0 0 0 0 0 0 0 0 0 0 0 0 0 0 0 0 0 0 0 0 0 0 0 0 0 0 27.5435433288707 0 9.52625258318368 0 5.60702706807653 0 0 0 0 0 0 0 0 0 0 0 0 0 0 0 0 0 0 0 0 0 0 0 0 0 0 0
0 0 0 0 0 2.45719053677088 0 0 0 0 0 0 0 0 0 0 0 0 0 2.52990011275124 0 0 0 0 0 3.85979308206244 0 0 0 0 0 0 0 0 0 0 0 0 0 2.53976428183954 0 0 0 0 0 0 0 0 0 0 0 0 0 0 0 0 0 0 0 0 0 0 9.19861748141217 0 9.16040940699832 0 0 0 0 0 0 0 0 0 0 0 0 0 0 0
0 0 0 0 0 0 0 0 0 0 0 0 0 0 0 0 0 0 0 0 0 0 0 0 0 0 0 0 0 0 0 0 0 0 0 0 0 0 0 0 0 5.55993495630854 5.78840780155257 27.1393665312077 0 9.28041075490086 1.53313716762377 0 2.81599166876217 0 1.94806531591339 5.87070817079029 0 0 0 0 0 0 0 0 0 0 0 0 0 0 1.6561314590007 0 0 0 0 0 0 0 0 0 0 0 0 0
