0 0 0 0 0 0 0 0 0 0 0 0 0 0 0 0 9.86241504308984 13.0907218678441 0 11.2861339613878 0 0 0 0 0 0 0 0 0 0 0 0 0 0 0 0 0 0 0 0 0 0 0 0 0 0 0 0 0 9.99484814827638 0 6.69740130570107 0 0 0 0 0 0 0 0 0 0 0 5.48925561662329 0 0 0 0 0 0 0 0 0 0 0 0 0 0 0 0
0 0 0 0 0 0 0 0 0 0 0 0 0 0 0 15.6673955140648 8.6668179963243 0 0 9.73145063078337 0 0 0 0 0 0 0 0 0 0 0 0 0 0 0 0 0 0 0 0 0 0 0 0 0 0 0 0 9.98170275150758 0 8.11562106192631 0 0 0 0 0 4.41096964853489 0 0 0 0 0 0 0 0 0 0 0 0 0 0 0 0 0 0 0 0 0 0 0
0 0 0 0 0 0 0 0 0 0 0 4.65144197848382 0 0 0 0 16.2430259142731 0 4.23444794775688 0 0 9.34439020871918 0 0 0 0 0 0 0 0 0 0 0 0 0 0 0 0 0 0 0 0 0 0 0 0 0 0 0 8.11103515300921 0 0 0 0 0 0 0 9.80420829668666 0 0 0 0 0 0 0 0 0 0 0 0 0 0 0 0 0 0 0 0 0 0
0 0 0 0 0 0 0 0 0 0 0 0 0 0 0 0 0 0 0 0 0 0 0 0 0 0 0 0 0 0 0 0 0 0 0 0 0 0 0 0 0 12.3719746334289 8.60664805990928 0 11.8989126609427 5.55869554815706 4.43727133624522 6.18438887495569 21.169337208532 0 0 0 0 0 0 0 0 0 0 0 0 0 0 0 0 0 0 0 0 0 0 0 0 0 0 0 0 0 0 0
0 0 0 0 0 0 0 0 0 0 0 0 0 0 0 0 21.3644799169126 0 0 0 0 0 0 0 0 0 0 0 0 2.18677808995111 0 0 0 0 0 0 0 0 0 0 0 0 0 0 0 0 0 0 5.96469152547325 0 0 0 0 0 0 0 0 0 0 0 0 0 0 0 0 0 0 0 0 0 0 0 0 0 0 0 0 0 0 0
0 0 0 0 0 0 0 0 0 0 0 0 0 0 0 0 26.3341977829635 0 11.9228567276187 0 0 0 3.68470097642421 0 0 0 0 0 0 0 0 0 0 0 0 0 0 0 0 0 0 0 0 0 0 0 0 0 0 13.4349980263312 0 0 0 0 0 0 0 0 0 0 0 0 0 0 0 0 0 0 0 0 0 0 0 0 0 0 0 0 0 0
0 0 0 0 0 0 3.32555713681284 0 0 0 0 0 0 0 0 0 6.04960528436399 0 25.209020637174 0 0 0 0 0 0 0 0 0 0 0 0 0 0 0 0 0 0 0 0 0 0 0 0 0 0 0 0 0 0 0 6.60160409129038 9.66422051443338 0 0 0 11.9170810255527 0 0 0 0 0 0 0 0 0 0 0 0 0 0 0 0 0 0 0 0 0 0 0 0
0 0 0 0 0 0 0 0 0 0 0 0 0 0 6.042328909051 0 8.2109332273127 0 16.9579834501711 0 0 0 0 0 0 0 0 0 0 0 0 0 0 0 0 0 0 0 0 0 0 0 5.39416673134197 0 0 0 0 0 0 0 0 4.57391068090882 0 0 0 0 4.45678516971751 0 0 0 0 0 0 0 0 0 0 0 0 0 2.78188692160988 0 0 0 0 0 0 0 0 0
0 0 0 0 0 0 0 0 0 0 0 4.1331671658523 0 0 0 8.88640343752416 0 16.7172181264272 8.87153879646273 0 0 0 0 0 0 0 0 0 0 0 0 0 0 0 0 0 0 0 0 0 0 0 0 0 0 0 0 0 9.77299939270123 6.67446396606821 0 0 0 7.81253239360159 0 0 0 0 0 0 0 0 0 0 0 0 0 0 0 0 0 0 0 0 0 0 0 0 0 0
0 0 0 0 0 0 0 0 0 0 0 0 0 0 0 0 9.39552277131031 8.78740930327941 0 2.92183915868399 0 0 0 0 0 0 0 0 0 0 0 0 0 0 0 0 0 0 0 0 0 0 0 0 0 0 0 9.8549180327766 0 6.5423699785889 0 0 0 10.8522508548232 0 0 13.2516633490172 0 0 0 0 0 0 0 0 1.49804323369302 0 0 0 0 0 0 0 0 0 0 0 0 0 0
0 0 0 0 0 0 0 0 0 0 4.92748778114801 0 0 0 0 0 27.6215827896209 0 12.8438058754969 0 4.38031134146537 0 0 0 0 0 0 0 0 0 0 0 0 0 0 0 0 0 0 0 0 0 0 0 0 0 0 0 0 17.2156916818014 0 0 0 0 0 0 0 0 0 0 0 0 0 0 0 0 0 0 0 0 0 0 0 0 0 0 0 0 0 0
0 0 0 0 0 0 0 0 0 0 0 0 0 0 0 6.33769742853543 0 9.82996769258269 0 5.48586785199464 0 0 0 0 0 0 0 0 0 0 0 0 0 0 0 0 0 0 0 0 0 0 0 0 0 0 0 0 0 13.9747192707825 9.51118135050821 0 0 0 11.6231853280324 7.45449653765242 0 0 0 0 0 0 0 0 0 0 0 0 0 0 0 0 0 0 0 0 0 0 0 0
0 0 0 0 0 0 0 0 0 0 0 0 0 0 0 0 12.5418356629858 0 11.2789600413027 24.7607398488839 1.87368269855342 0 0 4.19844716731363 0 0 0 0 0 0 0 0 0 0 0 0 0 0 2.43410448591935 0 0 0 0 0 0 0 0 0 0 12.2437814797062 0 0 10.8858928574428 9.49697264180539 0 8.30986284457082 0 0 0 0 0 0 0 0 0 0 0 0 0 0 0 0 0 0 0 0 0 0 0 0
0 0 0 0 0 0 0 0 0 0 0 0 0 0 0 0 0 0 0 0 0 0 0 0 0 0 0 0 0 0 0 0 0 0 0 0 0 0 0 0 0 0 0 0 0 0 0 0 0 0 0 0 0 0 0 0 0 0 0 0 0 8.53415157865638 0 11.1497421865868 4.22964665722107 0 0 0 0 0 0 0 0 0 0 0 0 0 0 0
0 0 0 0 0 0 0 0 0 0 0 0 0 0 0 0 17.5177558730728 11.0715961833099 0 10.5836938423336 6.44941192385387 0 0 0 0 0 0 0 0 0 0 0 0 0 0 0 0 0 0 0 0 0 0 0 0 0 0 0 8.03127161570286 0 0 0 8.05820816346392 0 0 4.57445772759647 0 0 0 0 0 0 0 0 0 0 0 2.30854247913983 0 0 0 0 0 0 0 0 0 0 0 0
0 0 0 0 0 0 0 0 0 0 0 0 0 0 0 0 9.69730455612953 7.49380100441904 10.5851519741477 0 0 0 0 0 0 0 0 0 0 0 0 0 0 0 0 0 0 0 0 0 0 0 0 0 0 0 0 0 0 0 7.52794464458619 0 0 0 0 0 0 0 0 0 0 0 0 0 0 0 0 0 0 0 0 0 0 4.38018987953784 0 0 0 0 0 0
0 0 0 0 0 0 0 0 0 0 0 0 0 0 0 0 0 0 0 0 0 0 0 4.50966298554936 0 0 0 0 0 0 0 0 0 0 0 0 0 0 0 0 0 0 0 0 3.52667439608565 0 0 0 0 0 0 0 0 0 0 0 0 0 0 0 0 14.8441472023299 0 14.0564635270973 0 0 0 0 0 0 0 0 0 0 0 0 0 0 0 0
0 0 0 0 0 0 0 0 0 0 0 0 0 0 0 0 0 0 15.6626944683415 0 0 0 0 9.95041962258876 0 0 0 0 0 3.23833692417879 0 0 0 0 0 0 0 0 0 0 0 0 0 0 0 0 0 0 0 0 0 0 0 0 0 0 0 0 0 0 0 0 0 0 0 0 0 0 0 0 0 0 0 0 0 0 0 0 0 0
0 0 0 0 0 0 0 0 0 0 0 0 0 0 0 7.02939825878781 10.3137916005235 9.99727305037409 23.592440798216 0 0 0 0 0 0 0 0 0 0 0 0 0 0 0 0 0 0 0 0 0 0 0 0 0 0 0 9.7109467735091 0 9.83615152658384 0 0 3.18010087296608 0 0 0 8.17674168469951 0 7.5963799821229 0 0 0 0 0 0 0 0 0 0 0 0 0 0 0 0 0 0 0 0 0 0
0 0 0 0 0 0 0 0 0 0 0 0 0 0 0 0 24.2837009272499 5.84745717981015 0 2.04383112180028 0 0 0 0 0 0 0 0 0 0 0 0 0 0 0 0 0 0 0 0 0 0 0 0 0 0 0 8.42958522903703 0 0 12.6070872466828 0 0 7.30075428737291 0 0 0 0 8.73903363742026 0 0 0 0 0 0 0 0 0 0 0 0 0 0 0 0 0 0 0 0 0
0 0 0 0 0 0 0 0 0 0 0 0 0 0 0 0 7.18211371917602 0 0 8.36915310416206 0 22.2957088142869 0 0 0 0 0 0 0 0 0 0 0 0 0 0 0 0 0 0 0 0 0 0 0 0 0 0 0 0 0 28.529827682036 7.14642154813997 0 5.40668732027714 0 0 10.5915783239263 0 0 0 0 0 0 0 0 0 0 0 0 0 0 0 0 0 0 0 0 0 0
0 0 0 0 0 0 0 0 0 0 0 0 0 0 0 15.3212771011369 0 15.110762762282 0 0 0 0 0 0 0 0 0 0 0 0 0 0 0 0 0 0 0 0 0 0 0 0 0 0 0 0 0 0 0 0 0 0 0 0 0 0 0 0 0 0 0 0 0 0 0 0 0 0 0 0 0 0 0 0 0 0 0 0 0 0
0 0 0 0 0 0 0 0 0 0 0 0 0 0 0 0 0 0 9.51659453742123 0 0 0 0 0 0 0 0 0 0 0 0 0 0 0 0 0 0 0 0 0 0 0 0 0 0 0 0 0 0 0 9.80666256287192 0 0 0 6.12713126535244 0 0 0 0 0 0 0 0 0 0 0 0 0 0 0 0 0 0 0 0 0 0 0 0 0
0 0 0 0 0 0 0 0 0 0 0 0 0 0 0 0 12.9899172003864 10.0388779450646 5.93572455883119 0 0 0 0 0 0 0 0 0 0 0 0 0 0 3.77363431993918 0 0 0 0 0 0 0 0 0 0 0 0 0 0 0 10.931805039555 0 0 17.262702690696 0 0 0 0 0 0 0 0 0 0 0 0 0 0 0 0 0 0 0 0 0 0 0 4.93649821215686 0 0 0
0 0 0 0 0 0 0 0 0 0 0 0 0 0 0 0 0 12.8418228206954 0 10.968518005918 0 0 0 0 0 0 0 0 0 0 0 0 0 0 0 0 0 0 0 0 0 0 0 0 0 0 0 0 0 13.4361474336475 0 17.436480241936 0 0 0 0 10.465587284287 0 0 0 0 0 0 0 0 0 0 0 0 0 0 0 0 0 0 0 0 0 0 0
0 0 0 0 0 0 0 0 0 0 0 0 0 0 0 0 0 0 0 0 0 0 0 0 0 0 0 0 0 0 0 0 0 0 4.62702700599905 0 0 0 0 5.61039151650713 0 16.7516586814001 0 5.03951895384963 5.50403791919678 7.43342656446038 6.53938716309811 5.01568777512218 0 23.4444543346463 0 0 0 0 0 0 0 0 0 0 0 0 0 0 0 0 0 0 0 0 0 0 0 0 0 0 0 0 0 0
0 0 0 0 0 0 0 0 0 0 0 0 0 0 0 0 0 0 0 0 0 0 0 0 0 0 0 0 0 0 0 0 0 0 5.05507463359038 0 0 0 0 0 0 0 0 0 0 0 0 0 0 0 0 0 0 0 0 0 0 0 0 0 0 0 0 0 0 0 0 0 0 0 0 0 0 0 0 0 0 0 0 0
0 0 0 0 0 0 0 0 0 0 0 0 0 0 0 0 0 0 0 0 0 0 0 0 0 0 0 0 0 0 0 0 0 0 0 0 0 0 0 0 9.36941711185417 6.42017012528341 0 10.8352406454197 6.9703654664599 11.0796747621926 7.74800593628093 7.26453020115245 17.5253407844346 0 0 0 0 0 0 0 0 1.4191229791307 0 0 0 0 0 0 0 0 0 0 0 0 0 2.26801006409177 0 0 0 0 0 0 0 0
0 0 0 0 0 0 0 0 0 0 0 0 0 0 0 0 0 0 0 0 0 0 0 0 0 0 0 0 0 0 0 0 0 0 0 0 0 0 0 0 0 8.34703178895005 14.9244125171799 0 13.009286309904 7.00692018934339 0 11.2622187731961 7.01888854442069 0 0 0 0 0 0 0 0 0 0 0 0 0 3.09387278792645 0 0 0 0 0 0 0 0 0 0 0 0 3.01578299953411 0 0 0 0
0 0 0 0 0 0 0 0 0 0 0 0 0 0 0 0 0 0 0 0 0 0 0 0 0 0 0 0 0 0 0 0 0 0 0 0 0 5.37797479283677 0 0 0 0 0 0 0 0 0 0 0 0 0 0 0 0 0 0 0 0 0 0 0 7.51190055147569 11.902610472855 0 0 0 0 0 0 0 0 0 0 0 0 0 0 0 0 0
0 0 0 0 0 0 0 0 0 0 0 0 0 0 0 0 0 0 0 0 0 0 0 0 0 0 0 0 0 0 0 0 0 0 0 0 0 0 0 0 0 0 0 10.5697557151246 10.3409985631488 23.03384855572 8.95038040856501 0 0 4.92913603568463 0 0 0 0 0 0 0 0 0 0 0 0 0 0 0 0 0 0 0 0 2.47511308433959 0 0 0 0 0 0 0 0 0
0 0 0 0 0 0 0 0 0 0 0 0 0 0 0 0 0 0 0 0 0 0 0 0 5.42728193037772 0 0 0 0 0 0 0 0 0 0 0 0 0 0 0 9.62835543760534 0 4.44095079266024 0 0 5.43933832750993 8.06904962962363 23.3574988828241 0 0 0 0 0 0 0 0 0 0 0 0 0 0 0 0 0 0 0 0 0 0 0 0 0 0 0 0 0 0 0 0
0 0 0 0 0 0 0 0 0 0 0 0 0 0 0 0 0 0 0 0 3.5427757472814 0 0 0 0 0 0 0 0 0 0 0 0 0 0 0 0 0 0 0 0 0 0 0 0 0 0 0 11.4829865173492 21.108777715973 6.11344985866243 0 5.41839463248006 0 0 0 0 0 0 0 0 0 0 0 0 3.19587707112244 0 0 0 0 0 0 0 0 0 0 0 0 0 0
0 0 0 0 0 0 0 0 0 0 0 0 0 0 0 0 0 0 0 0 0 0 0 0 0 0 0 0 0 0 3.49630963132529 0 0 0 0 0 0 0 0 0 0 0 0 28.8013495396528 24.0726766436821 5.25350081836631 6.19695575428614 0.291886407690811 0 0 3.66771895631333 0 0 0 0 0 0 0 0 0 0 0 0 0 0 0 0 0 0 0 0 0 0 0 0 0 0 0 0 0
0 0 0 0 0 0 0 0 0 0 0 0 0 0 0 0 0 0 0 0 0 0 0 0 0 0 0 0 0 0 0 0 0 0 0 0 0 0 0 0 5.52407694074815 0 0 13.9115977242416 0 8.91831641186973 6.6584555572559 11.6618492774128 5.57510471541766 0 0 0 0 0 0 3.48315318370051 0 0 0 0 0 0 0 0 0 0 0 0 0 0 0 0 0 0 0 0 3.18917081566819 0 0 0
0 0 0 0 0 0 0 0 0 0 0 0 0 0 0 0 0 0 0 0 0 0 0 0 0 0 0 0 0 0 0 0 0 0 0 0 0 0 0 9.27607860681833 0 0 10.1275190609391 9.06323541316815 6.4854166299574 6.5544719169667 0 12.0553518636609 3.15700200079185 0 0 0 0 0 0 0 0 0 0 0 0 0 0 0 0 0 0 0 0 0 0 0 0 0 0 0 0 0 0 0
0 0 0 0 0 0 0 0 0 0 0 0 0 0 0 0 0 0 0 0 0 0 0 0 0 0 0 0 0 0 0 0 0 0 0 0 0 0 0 0 0 0 0 0 9.1041218214047 0 6.46464929904133 12.2463928547074 0 0 0 0 0 0 0 0 4.91851622690124 0 0 0 0 0 0 0 0 0 0 0 0 0 0 0 0 0 0 0 0 0 0 0
0 0 0 0 0 0 0 0 0 0 0 0 4.52813397895482 0 0 0 0 0 0 0 0 0 0 0 0 0 0 0 0 0 0 0 0 0 0 0 0 0 0 0 0 15.8294913796908 0 13.8783125446744 0 10.6886330032433 7.63022889144644 10.9162684756045 0 0 0 0 0 0 0 0 0 0 0 0 0 2.26497969373935 0 0 0 0 0 0 0 0 0 0 0 0 0 0 0 0 0 0
0 0 0 0 0 0 0 0 0 0 0 0 0 0 0 0 0 0 0 0 0 0 0 0 0 0 0 0 0 0 0 0 0 0 0 0 0 0 0 3.70164810466293 0 0 0 17.5009212242493 0 12.0368451212929 9.82206536313495 0 10.6489298145708 17.5879707276517 0 0 0 0 0 0 0 0 0 0 0 0 0 0 0 0 0 0 0 0 0 0 0 0 0 0 0 0 0 0
0 0 0 0 0 0 0 0 0 6.11148383813793 0 0 0 0 0 0 0 0 0 0 0 0 0 0 0 0 0 0 0 0 0 0 0 0 0 0 0 0 0 0 0 11.0766619867897 0 12.1526821499689 0 9.50981724755211 0 9.20415637354613 0 0 0 0 0 0 0 0 0 0 0 0 0 0 0 0 0 0 0 0 0 0 0 0 0 0 0 0 0 0 0 0
0 0 0 0 0 0 0 0 0 0 0 0 0 0 0 11.4353209724267 0 8.03734812385204 0 5.30769170035856 4.75675600353946 0 0 0 0 0 0 0 0 0 0 0 0 0 0 0 0 3.37854981423891 0 0 0 0 0 0 0 0 0 0 0 0 26.5577402352371 0 0 0 0 0 0 0 0 0 0 0 0 0 0 0 0 0 0 0 0 0 0 0 0 0 0 0 0 0
0 0 0 0 0 0 0 0 0 0 0 0 0 0 0 0 0 0 0 0 0 0 0 0 0 0 0 0 0 0 0 5.89833164218674 0 0 0 0 0 0 0 0 0 0 0 0 0 0 0 0 0 0 0 0 0 0 0 0 0 0 0 0 0 14.07139177099 0 0 0 0 0 0 0 0 0 0 0 0 0 0 0 0 0 0
0 0 0 0 0 0 0 0 0 0 0 0 0 0 0 3.68140581279192 0 0 0 0 0 0 0 0 0 0 0 0 0 0 0 0 0 0 0 0 0 0 0 0 0 12.5502864063058 7.75458626141616 12.532540060562 21.7179057767558 22.3497415175278 0 10.6500176758385 0 0 0 0 0 0 0 0 0 0 0 0 0 0 0 0 0 0 0 0 0 0 0 0 0 0 0 0 0 0 0 0
0 0 0 0 0 0 0 0 0 0 0 0 0 0 0 0 0 0 0 0 0 0 0 0 0 0 0 0 0 0 0 0 0 0 0 0 0 0 0 0 0 7.61542716403546 0 12.5415363347499 0 26.0819072408215 20.9671197222814 2.34033496872256 0 1.57139519577699 0 0 0 0 0 0 0 0 0 0 0 0 0 0 0 0 0 0 0 0 0 0 0 0 0 0 0 0 0 0
0 0 0 0 0 0 0 0 0 0 0 0 0 0 3.16744819496308 0 0 0 0 0 0 0 0 3.51543880057707 0 0 0 0 0 0 0 0 0 0 0 0 0 0 0 0 0 0 24.6139388895433 0 0 12.6489334101596 0 10.8668300378527 0 9.56256654754887 3.45231728940426 0 0 0 0 0 0 0.759296857712105 0 0 0 0 0 0 0 0 0 0 2.09957027343038 0 0 0 0 0 0 0 0 0 0 0
0 0 0 0 0 0 0 0 0 0 0 0 0 0 0 5.95319014926992 0 0 0 7.03965887595893 0 0 0 0 0 0 0 0 0 0 0 0 0 0 0 0 0 4.71779143780621 0 0 0 0 0 0 0 0 0 0 0 15.3362165285131 0 6.98829916539061 0 3.46519121099281 0 0 0 0 0 2.63088883423301 0 0 0 0 0 0 0 0 0 0 0 0 0 0 0 0 0 0 0 0
0 0 0 0 0 0 0 0 0 0 0 0 0 0 0 0 0 0 0 0 0 0 0 0 0 0 0 0 0 0 0 0 0 0 0 0 0 0 0 0 0 0 0 0 0 6.07130565333325 0 0 0 0 0 0 0 0 0 0 0 0 0 0 10.3306954620956 10.6573044617946 0 0 0 25.7270831151602 0 0 0 0 0 0 0 0 0 0 0 0 0 0
0 0 0 0 0 0 0 0 0 0 0 0 0 0 6.2914223062375 9.72347659594817 0 13.5685036919897 0 8.38011691974598 0 0 0 8.92355298058923 0 0 0 0 0 0 0 0 0 0 0 0 0 0 0 0 0 0 0 0 0 0 0 0 0 13.5031682720515 0 5.74973481964114 0 0 0 0 24.9067505745977 0 0 0 0 0 0 0 0 0 0 0 0 0 0 0 0 0 0 0 0 0 0 0
0 0 0 0 0 0 0 0 0 0 0 0 0 0 0 0 11.8204118842012 6.97042435790111 0 0 0 0 0 0 0 0 0 0 0 0 0 0 0 0 0 0 0 0 0 0 0 0 0 0 0 0 0 0 0 0 10.3113805205498 0 0 0 3.33438147121066 0 0 0 0 0 0 0 0 0 0 0 0 0 0 0 0 0 0 0 0 0 0 0 0 0
0 0 0 0 0 0 0 0 0 0 0 0 0 7.44711021084565 0 0 0 0 0 0 0 0 0 0 0 0 0 0 0 0 0 0 0 0 0 0 0 0 0 0 0 0 9.33189524016412 0 5.69486332269099 0 11.78796290417 7.98602724872595 14.0212385751894 0 0 0 0 0 0 0 0 0 0 0 0 0 0 0 0 0 0 0 0 0 0 0 0 0 0 0 0 0 0 0
0 0 0 0 0 0 0 0 0 0 0 0 0 0 0 0 0 0 0 0 0 0 0 0 0 0 0 0 0 0 0 0 0 0 0 0 0 0 0 0 0 33.8177258518821 0 0 10.1834507515344 8.4458546101622 4.29175936295833 0 14.1730517884228 0 0 0 1.80080222948153 0 0 0 0 0 0 0 0 0 2.23363264491448 0 0 0 0 0 0 0 0 0 0 0 0 0 0 0 0 0
0 0 0 0 0 0 0 0 0 0 0 0 0 0 0 0 0 0 0 0 0 0 0 0 0 0 0 0 0 0 0 0 0 0 0 0 0 0 0 0 16.1871839450426 0 0 0 7.40053479630466 8.512825035241 5.86016096903028 4.49655003428776 0 0 0 0 0 0 0 0 0 0 0 0 0 0 0 0 0 0 0 0 0 0 0 0 0 0 0 0 0 0 0 0
0 0 0 0 0 0 0 0 0 0 0 0 0 0 0 0 0 0 0 0 0 0 0 0 0 0 0 0 0 0 0 0 0 0 0 0 0 0 0 0 0 16.0450692670731 0 22.0231814877046 10.7897192942577 0 6.22522978848003 4.23423879908208 0 4.07132446714149 0 0 0 0 0 0 0 0 0 0 0 0 0 0 0 0 0 0 0 0 0 0 0 0 0 0 0 0 0 0
0 0 0 0 0 0 0 0 0 0 0 0 0 0 0 0 0 0 0 0 0 0 0 0 0 0 0 0 0 0 0 0 0 0 0 0 0 0 0 5.72860186498973 0 12.9615169913271 9.86322154997573 0 0 12.2713224775439 0 7.18375542226927 0 0 0 0 0 0 0 0 0 0 0 0 0 0 0 0 0 0 0 0 0 0 0 0 0 0 0 0 0 0 0 0
0 0 0 0 0 0 0 0 0 0 0 0 0 0 0 0 0 0 0 0 0 0 0 0 0 0 2.94161767617022 0 0 0 0 0 0 0 0 0 0 0 0 9.65539212044766 0 12.1298479091644 9.96890402967997 12.2099363832685 0 5.54732238414586 23.845990386407 0 3.56831961764071 0 0 0 0 0 0 0 0 0 0 0 0 0 0 0 0 0 0 0 0 0 0 0 0 0 0 0 0 0 0 0
0 0 0 0 0 0 0 0 0 0 0 0 0 0 0 0 0 0 0 0 0 0 0 0 0 0 0 0 0 0 0 0 0 0 0 0 0 0 0 0 0 7.06840980051809 12.146263850306 0 8.02068238007846 0 13.1737447241666 4.64463892230458 0 9.45835048293718 0 0 0 0 0 0 0 0 0 0 0 0 0 0 0 0 0 0 0 0 0 0 0 0 0 0 0 0 0 0
0 0 0 0 0 0 0 0 0 0 0 0 0 0 0 0 0 0 0 0 0 0 0 0 0 0 0 0 0 0 0 0 0 0 0 0 0 0 0 0 0 8.57089033161004 0 27.475796308338 0 7.8670801743996 10.6090807225944 0 2.24221787582862 0 0 0 0 0 0 0 0 0 0 0 0 0 0 0 0 0 0 0 0 0 0 0 0 0 0 0 0 0 0 0
0 0 0 0 0 0 0 0 0 0 0 0 0 0 0 0 0 0 0 0 0 0 0 0 0 0 0 0 0 0 0 0 0 0 0 0 0 0 0 0 0 15.7716374421953 0 9.63131540297828 0 0 11.5898449515037 7.34334690540465 3.50564254623824 0 0 0 0 0 0 0 0 0 0 0 0 0 0 0 0 0 0 0 0 0 0 0 0 0 0 0 0 0 0 0
0 0 0 0 0 0 0 0 0 3.26727455821312 0 0 0 0 0 0 0 0 0 0 0 0 0 5.07160416246499 0 0 0 0 0 0 0 0 0 0 0 0 0 0 0 0 0 0 0 0 0 0 0 0 0 0 0 0 0 0 0 0 0 0 0 0 0 29.8102057489676 0 8.89790753048313 0 0 2.25387096481801 0 0 0 0 0 0 0 0 0 0 0 0 0
0 0 0 0 0 0 0 0 0 3.8253722883279 0 0 0 0 0 0 0 0 0 0 0 0 0 0 0 0 0 0 0 0 0 0 0 0 0 0 0 0 0 0 0 0 0 0 0 0 0 0 0 0 0 0 0 0 0 0 0 0 0 0 7.20963292874418 0 8.46703785554382 0 5.81569587465988 0 4.70561135429375 0 0 0 0 0 0 0 0 0 0 0 0 0
0 0 0 0 0 0 0 0 0 0 0 0 0 0 0 0 0 0 0 0 0 0 0 0 0 0 0 0 0 0 0 0 0 0 0 0 0 0 0 0 0 0 9.61486358442852 14.9916158225765 20.7124722872654 5.70913348638652 4.78928375759522 0 8.99793207013418 0 0 0 0 0 0 0 0 0 0 2.25651586953331 0 0 0 0 0 0 0 0 0 0 0 0 0 0 0 0 0 0 0 0
0 0 0 0 0 0 0 0 0 0 0 0 0 0 0 0 0 0 0 0 0 0 0 0 0 0 0 0 0 0 0 0 0 0 0 0 0 0 0 0 11.6371581886852 26.0095751769484 8.17635070600154 0 10.2045365656488 4.02617496701558 2.91610387251359 3.61354243780224 3.28221527221827 0 0 6.11573324934604 0 0 0 0 0 0 0 0 0 0 0 0 0 0 0 0 0 0 0 0 0 0 0 0 0 0 0 0
0 0 0 0 0 0 0 0 0 0 0 5.64404062707099 0 0 0 0 0 0 0 0 0 0 0 0 0 0 0 0 0 0 0 0 0 0 0 0 0 0 0 0 6.8981504565738 7.04864781165643 0 15.1873884065175 18.858918516006 6.68690562033223 4.73186870923933 5.42530627292394 6.34179120801159 0 0 0 0 0 0 0 0 0 0 0 0 0 0 0 0 0 0 0 0 0 0 0 0 0 0 0 0 0 0 0
0 0 0 0 0 0 0 0 0 0 0 0 0 0 0 0 0 0 0 0 0 0 0 0 0 0 0 0 0 0 0 0 0 0 0 0 0 0 0 0 0 6.24633588713127 25.5595135121557 9.45188880756956 0 25.0640960960994 0 6.8819489369315 0 0 0 0 0 0 0 0 0 0 0 0 0 0 0 0 0 0 0 0 0 0 0 0 0 0 0 0 0 0 0 0
0 0 0 0 0 0 0 0 0 0 0 0 0 0 0 0 0 0 0 0 0 0 0 0 0 0 0 0 0 0 0 0 0 0 0 0 0 0 0 0 9.95296993698795 0 0 13.2335242705071 0 5.81243479804147 5.48312120246233 9.80433631226824 0 0 0 0 0 0 0 0 0 0 0 0 0 0 0 0 0 0 0 0 0 0 0 0 0 0 0 0 0 0 0 0
0 0 0 0 0 0 0 0 0 0 0 0 0 0 0 0 0 0 0 0 0 0 0 0 0 0 0 0 0 0 0 0 0 0 0 0 0 0 0 0 6.59663336352551 14.7227285709448 0 0 26.0140052086744 21.3516032794705 18.3721636333115 9.72350168967733 0 6.4308639310851 0 0 0 0 0 0 0 0 0 0 0 0 0 0 0 0 0 0 0 0 0 0 0 0 0 0 0 0 0 0
0 0 0 0 0 0 0 0 0 0 0 0 0 0 0 0 0 0 0 0 0 0 0 0 0 0 0 0 0 0 0 0 0 0 0 0 0 0 0 0 25.1343001610074 0 9.41010233397235 9.18170109529883 0 15.3241302860045 0 13.5257050009137 0 0 22.6027001868131 0 0 0 0 0 0 0 0 0 0 0 0 0 0 0 0 0 0 0 0 0 0 0 0 0 0 0 0 0
0 0 0 0 0 0 0 0 0 0 0 0 0 0 0 0 0 0 0 0 0 0 0 0 3.01636924226726 0 0 0 0 0 0 0 0 0 0 0 0 0 0 0 3.59821460650962 0 0 0 0 0 0 0 0 0 0 0 0 0 0 0 0 0 0 0 0 9.28212105135101 0 0 9.16522421786272 0 7.70785883412521 0 0 0 0 0 0 0 0 0 0 0 0 0
0 0 0 0 0 0 0 0 0 0 0 0 0 0 0 0 0 0 0 0 0 0 0 0 0 0 0 0 0 0 0 0 0 0 0 0 0 0 0 0 0 0 0 0 0 0 0 0 0 0 0 0 0 0 0 0 0 0 12.7525153180019 0 0 0 9.95564191258275 0 9.50670914944361 0 0 0 0 0 0 0 0 2.21593805095537 0 0 0 0 0 0
0 0 0 0 0 0 0 0 0 0 0 0 0 0 0 0 15.6045039378 14.7735668880368 0 0 0 0 0 0 0 0 0 0 0 0 0 0 0 0 0 0 0 0 0 0 0 0 0 0 0 0 0 0 0 24.3172214629756 0 0 0 11.0250564832772 0 0 0 0 0 0 0 0 0 0 0 0 0 0 0 0 0 0 0 0 0 0 0 0 0 0
0 0 0 0 0 0 0 0 0 0 0 0 0 0 0 0 0 0 0 0 0 0 0 0 0 0 0 0 0 0 0 0 0 0 0 0 0 0 0 0 0 0 0 0 0 0 0 0 0 0 0 0 0 0 0 0 0 0 0 0 4.76649166530688 0 16.0091378884552 0 0 0 0 0 0 4.59270664145629 0 0 0 0 0 0 0 0 0 0
0 0 0 0 0 0 0 0 3.09764386909922 0 0 0 0 0 0 0 0 0 0 0 0 0 0 0 0 0 0 0 0 0 0 0 0 0 0 0 0 0 0 0 0 0 0 0 0 0 0 0 0 0 0 0 0 0 0 0 0 0 0 0 0 6.8297060831805 0 0 3.44069676094964 0 0 0 0 0 0 0 0 0 0 0 0 0 0 0
0 0 0 0 0 0 0 0 0 0 0 0 0 0 0 0 0 0 0 0 0 0 0 0 0 0 0 0 0 0 0 0 0 0 0 0 0 0 0 0 0 0 0 0 0 0 0 0 4.74861389105834 0 0 0 0 0 0 0 0 0 0 0 13.6835063853245 0 10.8435864626596 0 13.3545160479549 0 0 0 0 0 0 0 0 0 0 0 0 0 0 0
0 0 0 0 0 0 0 0 0 0 0 0 0 0 0 0 15.119085255841 0 0 16.3672606863427 0 0 0 0 0 0 0 0 0 5.24637245642602 0 0 0 0 0 0 0 0 0 0 0 0 0 0 0 0 0 0 14.8487103819598 0 25.8861075952658 0 0 6.4733549913682 0 0 0 0 0 0 0 0 0 0 0 0 0 0 2.47182224562825 0 0 0 0 0 0 0 0 0 0 0
0 0 0 0 0 0 0 0 0 0 0 0 0 0 0 0 0 0 0 0 0 0 0 0 0 0 0 0 0 0 0 0 0 0 0 0 0 0 0 0 3.1182777766306 0 0 0 0 0 0 0 0 0 0 0 0 0 0 0 0 0 0 0 0 11.9062944554952 0 10.0106814175625 7.43818307943183 6.18255548932939 0 0 0 2.70748082120028 0 0 0 0 0 0 0 0 0 0
0 0 0 0 0 0 0 0 0 0 0 0 0 0 0 0 0 0 0 0 0 0 0 0 0 0 0 0 0 4.15854417698955 0 0 0 0 0 0 0 0 0 0 0 0 0 0 0 0 0 0 0 0 0 0 0 0 0 0 0 0 0 0 0 9.24083371983739 24.4806202461964 0 0 0 0 0 0 0 0 0 0 0 0 0 0 0 0 0
0 0 0 0 0 0 0 0 0 0 0 0 0 0 3.37225283813483 0 0 0 0 0 0 0 0 0 0 0 0 0 0 0 0 0 0 0 0 0 0 0 0 0 0 5.00106834140939 0 7.98013212160963 9.00865858851452 0 15.165571591957 0 5.06723426332758 0 0 0 0 0 0 0 0 0 0 0 0 0 0 0 0 0 0 0 0 0 0 0 0 0 0 0 0 0 0 0
0 0 0 0 0 0 0 0 0 0 0 0 0 0 0 0 0 0 0 0 0 0 0 0 4.87652346474807 0 0 0 0 0 0 0 0 0 0 0 0 0 0 0 0 0 0 0 0 0 0 0 0 0 0 0 0 3.08237670956554 0 0 0 0 0 0 9.14206183291748 0 16.7622369498337 0 0 0 0 0 0 0 0 0 0 0 0 0 0 0 0 0
0 0 0 0 0 0 0 0 0 0 0 0 0 0 0 0 0 0 0 0 0 0 0 6.11535273502958 0 0 0 0 0 0 0 0 0 0 0 0 0 0 0 0 9.7397094791935 7.32697191942618 0 0 10.2676448908485 16.6439025885111 0 3.77869794281604 5.9143844801387 0 0 0 0 0 0 0 0 0 0 0 0 0 0 0 0 0 0 0 0 0 0 0 0 0 0 0 0 0 0 0
0 0 0 3.49090775309652 0 0 0 0 0 0 0 0 0 0 0 0 0 0 0 0 0 0 0 0 4.00048103434913 0 0 0 0 0 0 0 0 0 0 0 0 0 0 0 0 0 0 0 0 0 0 0 0 0 0 0 0 0 0 0 0 0 0 0 0 0 0 0 0 0 0 0 0 2.98674714067961 0 0 0 0 0 0 0 0 0 0
0 0 0 0 0 0 0 0 0 0 0 0 0 0 0 0 0 0 0 0 0 0 0 0 0 0 0 0 0 0 0 0 0 0 0 0 0 0 0 0 2.79929613026541 0 0 0 0 0 0 0 0 0 0 0 0 0 0 0 0 0 0 9.19129226320173 0 6.24514922332058 7.72565699604077 12.2519643955497 0 0 0 0 0 0 0 0 0 0 0 0 0 0 0 0
0 0 0 0 0 0 0 0 0 0 0 0 0 0 0 0 0 0 0 0 0 0 0 0 0 0 0 0 0 0 0 0 0 0 0 0 0 0 0 0 0 0 0 0 0 0 0 0 0 0 0 0 0 0 0 0 0 0 0 0 31.6107857387396 0 0 7.38406017126704 0 8.34786287981691 0 0 0 0 0 0 0 0 0 0 0 0 0 0
0 0 0 0 0 0 0 0 0 0 0 0 0 0 0 0 0 0 0 0 0 0 0 0 0 0 0 0 0 0 0 0 2.97794395316639 0 0 0 0 0 0 0 0 15.609844710913 22.8863512558007 0 0 11.710963356633 5.60567075607199 0 6.58892174851038 0 0 0 0 0 0 0 0 0 0 0 0 0 0 0 0 0 0 0 0 0 0 0 0 0 0 0 0 0 0 0
0 0 0 0 0 0 0 0 0 0 0 0 0 0 0 0 9.46113512284087 11.9616828680529 7.38185336624848 0 0 0 0 13.2070555514499 0 0 0 0 0 0 0 0 0 0 0 0 0 0 2.99212832255819 0 0 0 0 0 0 0 0 0 0 6.98580560813456 0 0 6.65179532305547 0 9.05397878073344 0 0 0 0 0 0 0 0 0 0 0 0 0 0 0 0 0 0 0 0 0 0 0 0 0
0 0 0 0 0 0 0 0 0 0 0 0 0 0 0 0 0 0 0 0 0 0 0 0 0 0 0 0 0 0 0 0 0 0 0 0 0 0 0 0 0 0 0 0 0 0 0 0 0 0 0 0 0 0 0 0 0 0 0 0 0 25.0552413849369 0 0 0 0 0 0 0 0 0 0 2.25021050805229 0 0 0 0 0 0 0
0 0 0 0 0 0 0 0 0 0 0 0 0 0 0 25.3996302210891 6.45152946871553 0 0 9.12931029006292 0 2.32675381988511 0 0 0 0 0 0 0 0 0 0 0 0 0 0 0 0 0 0 0 0 0 0 0 0 0 0 0 0 0 6.01150293401507 7.91267659893065 11.9541441687601 0 7.83551419293362 0 0 0 0 0 0 0 0 0 0 0 0 0 0 0 0 0 0 0 0 0 0 0 0
0 0 0 0 0 0 0 0 0 0 0 0 0 0 0 10.0971320294289 0 0 7.42054314957891 0 5.66209529690382 9.9136987482627 0 4.99108042934486 0 0 0 0 0 0 0 0 0 0 0 0 0 0 0 0 0 0 0 0 0 0 0 0 0 20.2611744825867 5.12580289905398 0 2.68923640735349 0 0 0 0 0 0 0 0 0 0 0 0 0 0 0 0 0 0 0 0 0 0 0 0 0 0 0
0 0 0 0 0 0 0 3.92145413439217 0 0 0 0 0 0 0 0 0 0 0 0 0 0 0 0 0 0 0 0 0 0 0 0 0 0 0 0 0 0 0 0 0 0 0 0 0 0 0 0 0 0 0 0 0 0 0 0 0 0 0 0 0 0 0 12.6203232182204 9.35254776618784 0 0 0 0 0 0 0 0 0 0 0 0 0 0 0
0 0 0 0 0 0 0 0 0 0 0 0 0 0 0 0 0 0 0 0 0 3.15578671419408 0 0 0 0 0 0 0 0 0 0 0 0 0 0 0 0 0 0 0 0 0 0 0 0 0 0 0 0 0 0 0 0 0 0 0 0 0 7.57768726831901 0 6.42154399030862 0 0 0 0 0 0 0 0 0 0 0 0 0 0 0 0 0 0
0 0 0 0 0 0 0 0 0 0 0 0 0 0 0 0 0 0 0 0 0 0 0 0 0 0 0 0 0 0 0 0 0 0 0 0 0 0 0 0 0 0 0 0 0 0 0 0 0 0 0 0 0 0 0 0 0 0 0 0 25.0548645166284 6.37896967731738 0 10.9424115230297 0 3.37322668093915 0 0 0 0 0 0 0 0 0 0 0 0 0 0
0 0 0 0 0 0 0 0 0 0 0 0 0 0 0 0 0 0 0 0 0 0 0 0 0 0 0 0 0 0 0 0 0 0 0 0 0 0 0 0 0 0 0 0 0 0 0 0 0 0 0 0 0 0 0 0 0 0 0 0 0 10.3038058229589 0 0 9.38127520828322 0 24.4678873872375 0 0 0 0 0 0 0 0 0 0 0 0 0
0 0 0 0 0 0 0 0 0 0 0 0 0 0 0 0 0 0 0 0 0 0 0 0 0 0 0 0 0 0 0 0 0 0 0 0 0 0 0 0 0 0 0 0 0 0 0 0 0 0 0 0 0 0 0 0 0 0 0 0 0 12.2559937220942 0 0 9.54583703446937 21.5799910358726 0 0 0 0 0 0 0 0 0 0 0 0 0 0
0 0 0 0 0 0 0 0 0 0 0 0 0 0 0 0 0 0 0 0 0 0 0 0 0 0 0 0 0 0 0 0 3.14543143943263 0 0 0 0 0 0 0 0 0 0 0 0 0 0 0 0 4.19377555098784 0 0 0 0 3.83034745205313 0 0 0 0 14.0592915947252 0 16.7993011063007 0 8.91839930295463 7.49759685800405 0 0 0 0 0 0 0 0 0 0 0 0 0 0 0
0 0 0 0 0 0 0 0 0 0 0 0 0 0 0 0 0 0 0 0 0 0 0 0 0 0 0 0 0 0 0 0 0 0 0 0 0 0 0 0 0 0 0 0 0 0 0 0 0 0 0 0 0 0 0 0 0 0 0 7.90663988554166 0 13.644305298901 6.94046903467473 0 3.73329664951597 0 0 0 0 0 0 0 0 0 0 0 0 0 0 0
0 0 0 0 0 0 0 0 0 0 0 0 0 0 0 0 0 0 0 0 0 0 0 0 0 0 0 0 0 0 0 0 0 0 0 0 0 0 0 0 0 0 0 0 0 0 0 0 0 0 0 0 0 0 0 0 3.63219935427903 0 0 0 5.99248630290706 0 6.72750768095563 23.4282599451755 0 7.25610240678431 0 0 0 0 0 0 0 2.1447553405278 0 0 0 0 0 0
0 0 0 0 0 0 0 0 0 0 0 0 0 0 0 0 10.9968646171351 0 12.0378489256435 0 0 0 0 0 0 0 0 0 0 0 0 0 0 0 0 0 0 0 0 0 0 0 0 0 0 0 0 0 26.9830878459594 0 2.91906760795626 0 0 0 0 0 0 0 0 0 0 3.45836668772173 0 0 0 0 0 0 0 0 0 0 0 0 0 0 0 0 0 0
0 0 0 0 0 0 0 0 0 0 0 0 0 0 0 0 0 0 0 0 0 0 0 0 0 0 0 0 0 0 0 0 0 0 0 0 0 0 0 0 0 0 0 0 0 0 0 0 0 3.5490750721157 0 0 0 0 0 0 0 0 0 0 6.84011402215156 13.216616392405 11.708491234529 0 9.57193000030498 5.60166824397546 0 0 0 0 0 0 0 0 0 0 0 0 0 0
0 0 0 0 0 0 0 0 0 0 0 0 0 0 0 0 7.56187200467253 0 0 0 0 0 0 0 0 0 0 0 0 0 0 0 0 0 0 0 0 0 0 0 0 0 0 0 0 0 0 0 7.80163732030904 0 25.4564449549792 0 16.7679123014788 0 0 0 0 0 0 0 0 0 0 0 0 0 0 0 0 0 0 0 0 0 0 0 0 0 0 0
0 0 0 0 0 0 0 0 0 0 0 0 0 0 0 0 0 0 0 0 0 0 0 0 0 0 0 0 0 0 0 0 0 0 0 0 0 0 0 0 0 0 0 0 0 0 0 0 0 0 0 0 0 0 0 0 0 0 11.8032528030268 0 0 0 6.81133745232084 0 0 0 0 0 0 0 0 0 0 0 0 3.17078019104861 0 0 0 0
0 0 0 0 0 0 0 0 0 0 0 0 0 0 0 0 0 0 0 0 0 0 0 0 0 0 0 0 0 0 0 0 0 0 0 0 0 0 0 0 0 11.7247711481177 0 14.5895131808095 13.3944427732274 0 26.6664863290499 8.28267936650697 2.16526152515826 0.246234737850912 0 0 0 0 0 0 0 0 0 0 0 0 0 0 0 0 0 0 0 5.0730346839172 0 0 0 0 0 0 0 0 0 0
