0 0 0 0 0 0 0 0 0 0 0 0 0 0 12.8416449476516 0 0 8.63099660492574 0 9.34686879978906 8.14670294363622 6.29387412681876 0 0 0 0 0 0 0 0 0 0 0 0 0 0 0 0 0 0 4.73173262715353 0 0 0 0 0 0 0 0 0 0 0 0 0 0 0 0 0 0 0 0 0 0 0 0 0 0 2.64788049998198 0 0 0 0 0 0 0 0 0 0 0 0
0 0 0 0 0 0 0 0 0 0 0 0 0 0 0 8.67166518199966 9.11881713683148 0 9.44142135432928 6.09139729291322 0 0 0 0 0 0 0 0 0 0 0 0 0 0 0 0 0 0 0 0 0 0 0 0 0 0 0 0 0 2.39109093457771 0 0 0 0 0 0 0 0 0 0 0 4.58190177386118 0 0 0 0 0 0 0 0 0 0 0 0 0 0 0 0 0 0
0 0 0 0 0 0 0 0 0 0 0 0 0 0 9.13547364368327 0 0 10.23665283997 7.30161459029186 10.9986550833956 0 0 0 0 0 0 0 0 0 0 0 0 0 0 0 0 0 0 0 0 5.6185012200733 0 0 0 0 0 0 0 0 0 0 0 0 0 0 0 0 0 3.01111250708401 0 0 0 0 0 0 0 0 0 0 0 0 0 3.20323769604443 0 0 0 0 0 0 0
0 0 0 0 0 0 0 0 0 0 0 0 0 0 0 0 0 0 0 0 0 0 0 0 0 0 0 0 0 0 0 0 0 0 0 0 0 0 0 0 0 0 9.28414434836724 0 12.5877910948275 6.52181544487113 11.2794050999264 0 0 0 0 0 0 0 0 0 0 2.68457876805594 0 0 0 0 0 3.25786571671238 0 0 0 0 0 0 0 0 0 0 0 0 0 0 0 0
0 0 0 0 0 0 0 0 0 0 0 0 0 0 0 6.13997338497581 8.85470031859273 8.02154727387036 6.15528495634501 20.5338829168083 6.24379385985718 0 0 0 0 0 0 0 0 0 0 0 0 0 0 0 0 0 0 0 0 0 0 0 0 0 0 0 0 0 0 0 0 0 0 3.04476687311791 0 0 0 0 0 0 0 0 0 0 0 0 0 0 0 0 0 0 0 0 0 0 0 0
0 0 0 0 0 0 0 0 0 0 0 0 0 0 0 9.02936958343847 9.10557639640059 8.55679371443815 13.663914997658 0 0 0 0 0 0 1.05386774710828 0 0 0 0 0 0 0 0 0 0 0 0 0 0 0 0 0 0 0 0 0 0 0 0 0 0 0 0 0 0 0 0 0 0 0 0 0 0 0 0 0 0 0 0 0 0 0 0 0 0 0 0 0 0
0 0 0 0 0 0 0 0 0 0 0 0 0 0 0 0 0 0 7.5975162531206 0 0 6.97897055850291 0 0 0 0 0 0 0 0 0 2.29035735963596 0 0 0 0 0 0 0 0 0 0 0 0 0 0 0 3.65212529185785 0 0 0 0 0 0 3.99834058479462 0 0 0 0 0 0 0 0 3.95191186520494 0 0 0 0 0 0 3.0296034838781 0 0 0 0 0 0 0 0 0
0 0 0 0 0 0 0 0 0 0 0 0 0 0 0 6.27228713739193 0 9.68458367741943 9.90538859257264 13.6087398012749 0 0 0 0 0 0 0 0 0 0 0 0 0 0 0 0 0 0 0 0 0 0 0 0 0 0 0 0 0 0 9.16174892587987 0 0 0 0 0 0 0 0 0 3.0892491128074 0 0 0 0 0 0 0 0 0 0 0 0 0 0 0 0 0 0 0
0 0 0 0 0 0 0 0 0 0 0 0 0 0 0 0 8.35758908877287 0 28.1977806233828 7.39794858562119 9.64932726383363 0 0 0 0 0 0 0 0 0 0 0 0 0 0 0 0 0 0 0 0 0 0 0 0 0 0 0 0 0 0 0 9.70251202883191 0 0 0 0 0 0 0 0 0 0 0 0 0 0 0 0 0 0 0 0 0 0 0 0 0 0 0
0 0 0 0 0 0 0 0 0 0 0 0 0 24.9143821848624 0 0 0 5.92439633708454 10.2633846134241 6.86335125526275 0 0.572405202730152 0 0 0 0 0 0 0 0 0 0 0 0 0 0 0 0 0 0 0 0 0 2.80171017448671 0 0 0 0 0 0 0 0 4.69107714826881 0 0 0 0 0 0 3.56409621362249 0 0 0 0 0 0 0 0 0 0 0 0 0 0 0 0 0 0 0 0
0 0 0 0 0 0 0 0 0 0 0 0 0 0 0 0 0 10.788871205107 0 13.3223103347447 6.68750676908329 6.07765333104831 0 0 0 0 0 0 0 0 0 0 0 0 0 0 1.95569611874268 0 0 0 0 0 0 0 0 0 0 0 0 0 0 0 0 0 0 0 0 0 0 0 0 0 0 0 0 0 0 0 0 0 0 0 0 0 0 0 0 0 0 0
0 0 0 0 0 0 0 0 0 0 0 0 0 0 0 0 0 20.6273127186736 5.45916017034543 0 14.2452542923657 0 0 0 1.13047630517098 0 0 0 0 0 0 0 0 0 0 0 0 0 0 0 0 0 0 0 0 0 0 0 0 0 0 0 7.67457044087424 0 0 4.7291358039898 0 0 0 0 0 0 0 0 0 0 0 0 0 0 0 0 0 0 0 0 0 0 0 0
0 0 0 0 0 0 0 0 0 0 0 0 0 0 0 0 9.3219953160141 12.5788303006618 8.79215748429082 6.5820295919466 2.87866487937293 0 0 0 0 0 0 0 0 0 0 0 0 0 0 0 0 0 0 0 0 0 0 0 0 0 0 0 0 0 0 0 0 3.71118500610077 0 0 0 0 0 0 0 0 0 0 0 0 0 0 0 0 0 0 0 0 0 0 0 0 0 0
0 0 0 0 0 0 0 0 0 0 0 0 2.72153008669796 0 0 0 0 0 0 0 0 0 0 0 0 0 0 0 0 0 0 0 0 0 0 0 0 0 0 0 0 0 0 0 0 0 0 0 0 0 0 0 0 0 0 0 0 14.2228752937782 0 0 0 0 0 0 7.30510883086392 9.75186516836863 0 0 0 0 0 0 0 0 3.20373164881984 0 0 0 0 0
0 0 0 0 0 0 0 0 0 0 0 0 0 5.23178432877538 0 11.6930736385417 6.79449050224706 0 0 8.96725600776787 0 7.40888810958687 0 0 0 2.12667682227848 0 0 0 0 0 0 1.594575220928 0 0 0 0 0 0 0 0 0 0 0 0 0 0 0 0 0 0 0 0 0 0 0 0 0 3.594461522764 0 0 0 0 0 0 0 0 0 0 0 0 0 0 0 0 0 0 0 0 0
0 0 0 0 0 0 0 0 0 0 0 0 0 0 0 0 7.49863820113322 7.44059711690276 0 27.0297469525222 17.0283997929907 0 0 0 0 0 0 0 0 0 0 0 0 0 0 0 0 0 0 0 0 0 0 0 0 0 0 0 0 0 0 0 0 0 0 0 0 0 0 0 0 0 0 0 0 0 0 0 0 0 0 0 0 3.09034170318541 0 0 0 0 0 0
0 0 0 4.06499290895382 0 0 0 0 0 0 0 0 0 0 0 0 0 0 0 0 0 0 0 0 0 0 0 0 0 0 0 0 0 0 0 0 0 0 0 0 0 0 0 0 0 0 0 0 0 0 0 0 0 0 0 0 0 0 0 3.07188291039325 0 0 0 0 0 0 0 0 0 0 0 5.08615125500235 0 0 0 0 0 0 0 0
0 0 0 0 0 0 0 0 0 0 0 0 0 0 0 0 14.8375717216537 6.89566247473212 14.4592889201925 8.52509222192797 6.12370500999757 0 0 0 0 0 0.857694912763741 0 0 0 0 0 0 0 0 0 0 0 0 0 0 0 0 0 0 0 0 0 0 0 0 0 0 0 0 0 0 0 0 0 0 0 0 0 0 0 0 0 0 0 0 0 0 0 0 0 0 0 0 0
0 0 0 0 0 0 0 0 0 0 0 0 0 0 10.612508940086 23.5463370680384 6.39434701644873 0 6.20139652291689 3.36442793681471 10.3881406061965 0 0 0 0 0 0 0 0 0 0 0 0 0 0 0 0 0 0 0 0 0 0 0 0 0 0 0 0 0 0 0 0 0 0 0 0 0 0 0 0 0 0 0 0 0 0 0 0 0 0 0 0 0 0 0 0 0 0 0
0 0 0 0 0 0 0 0 0 0 0 0 0 0 0 0 0 16.4944990087973 10.6702555340591 5.48930814415282 8.15676374008059 0 0 0 0 0 0 0 0 0 0 0 0 0 0 0 0 2.83815609192615 0 0 0 0 0 0 0 0 0 0 0 0 0 0 0 0 0 0 0 0 3.99229138155249 0 0 0 0 0 0 0 0 0 0 0 0 0 0 0 0 0 0 0 0 0
0 0 0 0 0 0 0 5.28836511557845 0 0 0 0 0 0 0 28.1845801578419 0 8.55953775972807 4.26027079926847 6.0898197336071 3.65499031201232 0 0 0 0 0 0 0 0 0 0 0 0 0 0 0 0 0 0 0 0 0 0 0 0 0 0 0 0 0 0 0 0 0 0 0 0 0 0 0 0 0 0 0 0 0 0 0 0 0 0 0 0 0 0 0 0 0 0 0
0 0 0 0 0 0 0 0 8.2368023185431 0 0 0 0 0 0 6.58723302220891 0 10.0479431543037 11.4625025262354 0 8.27973907137013 5.09278415333579 22.8770173306022 0 0 0 0 0 0 0 0 0 0 0 0 0 0 0 0 0 0 0 5.69323452187772 0 0 0 0 0 0 0 0 0 0 0 0 0 0 0 0 0 0 0 0 0 0 0 0 0 0 0 0 0 0 0 0 0 0 0 0 0
0 0 0 0 0 0 0 0 0 0 0 0 0 0 0 0 0 11.9341585034136 0 12.9432171722953 0 0 0 0 0 0 0 0 0 0 0 0 0 0 0 0 0 0 0 0 0 0 0 0 0 9.82028682489378 0 0 0 0 0 0 0 0 0 0 0 0 0 0 0 0 0 0 0 0 0 0 0 3.7926187163922 0 0 0 0 0 0 0 0 0 0
0 0 0 0 0 0 0 0 0 0 0 0 0 0 0 10.2137369734323 0 6.87603150280341 0 5.66549800118596 0 7.08569257990667 0 0 0 0 0 0 0 0 0 0 0 0 0 0 0 0 0 0 0 0 0 0 0 0 0 0 0 0 0 0 0 0 0 0 0 0 0 0 0 0 0 0 0 0 0 0 0 0 0 0 0 0 0 0 0 0 0 0
0 0 0 0 0 0 0 0 0 0 0 0 0 13.0506744893095 7.11594934508235 0 0 0 28.5828578672313 6.5595474586143 2.32345040710035 0 0 0 0 0 0 0 0 0 0 0 0 0 0 0 0 0 0 0 0 0 0 0 0 0 0 0 0 0 0 0 14.8248460649593 0 0 0 0 0 0 0 0 0 0 0 0 0 0 2.69337703312238 0 0 0 0 0 0 0 0 0 0 0 0
0 0 0 0 0 0 0 0 0 0 0 0 0 0 0 0 0 0 0 0 0 0 0 0 0 0 0 0 0 0 0 0 0 0 0 0 0 0 0 0 0 0 0 0 0 0 28.5863096835718 20.6854230619541 0 0 0 0 0 0 0 0 0 0 0 1.7784382018261 0 0 0 0 0 0 0 0 0 0 0 0 0 0 0 0 0 0 0 0
0 0 0 0 0 0 0 0 0 0 0 0 0 0 0 0 0 0 0 0 0 0 0 0 0 0 0 0 0 0 0 0 0 0 0 0 4.87412912989791 0 0 0 0 0 0 0 0 0 0 0 0 0 0 0 0 0 0 0 0 0 8.92577258739563 0 0 0 0 0 0 0 0 0 0 0 0 0 0 0 0 0 0 0 0 0
0 0 0 0 0 0 0 0 0 0 4.06692137192816 0 0 0 0 0 0 0 0 0 0 0 0 0 0 0 0 4.78064224339722 0 0 0 0 0 0 0 0 0 0 0 0 0 0 0 11.7490221087083 0 9.32440945644314 5.48801472498172 0 0 0 0 0 0 0 0 0 0 0 0 0 0 0 0 0 0 0 0 0 0 0 0 0 0 0 0 0 0 0 0 0
0 0 0 0 0 0 0 0 0 0 5.47788760929124 0 0 0 0 0 0 0 0 0 0 0 0 0 0 0 0 0 0 0 0 0 0 0 0 0 0 0 0 0 0 0 0 0 11.8280413783424 0 0 9.67402611849552 0 0 0 0 0 0 0 0 0 0 0 0 0 0 0 0 0 0 0 0 0 0 0 0 0 0 0 0 0 0 0 0
0 0 0 0 0 0 0 0 0 0 0 0 0 0 0 0 0 0 0 0 0 0 0 0 0 0 0 0 0 0 0 0 0 0 0 0 0 0 0 0 0 0 0 0 0 0 0 0 0 0 0 0 0 0 0 0 0 0 0 0 0 0 0 0 0 0 0 0 0 0 0 0 0 0 0 0 0 0 0 0
0 0 0 0 0 0 0 0 0 0 0 0 0 0 0 0 0 0 0 0 0 4.10048484594304 0 0 0 0 0 0 0 0 0 5.1416129602303 0 0 0 0 0 0 0 0 0 0 7.32920580554825 7.78740582081145 0 0 13.2786778317339 0 10.4376832857643 0 0 0 0 0 0 0 0 0 0 0 0 0 0 0 0 0 0 0 0 0 0 0 0 0 0 0 0 0 0 0
0 0 0 0 0 0 0 0 0 0 0 0 0 0 0 0 0 0 0 0 0 0 0 0 0 0 0 0 0 0 0 0 0 0 0 0 0 0 0 0 0 0 7.93586304962521 0 0 24.1050538476135 6.82859894724106 0 0 0 0 0 0 0 0 0 0 0 0 0 0 0 0 0 0 0 0 0 0 0 0 0 0 0 0 0 0 0 0 0
0 0 0 0 0 0 0 0 0 0 0 0 0 0 0 6.21374439115996 0 12.4796826848558 7.85420987584798 8.5921474716024 9.62838866476577 19.8446545280471 4.52104127968641 0 0 0 0 0 0 0 0 0 0 0 0 0 0 0 0 0 0 0 0 0 0 0 0 0 0 0 0 0 0 0 0 0 0 0 0 0 0 0 0 0 0 0 0 0 0 0 0 0 0 0 3.15424748868242 0 0 0 0 0
0 0 0 0 0 0 0 0 0 0 0 0 0 0 0 0 0 0 0 4.08860863133825 0 0 0 0 0 0 0 0 0 0 0 3.1906314609357 0 0 0 0 0 0 0 0 0 0 0 0 0 16.9304984104375 0 7.18147265226728 10.5230804626277 0 0 0 0 0 0 0 0 0 0 0 0 0 0 0 0 4.80844951638136 0 0 0 0 0 0 0 0 0 0 0 0 0 0
0 0 0 0 0 0 3.50891205337434 0 0 0 0 0 0 0 0 0 0 0 0 0 0 4.9358507386837 0 0 0 0 0 0 0 0 0 0 0 5.62242665176578 0 0 0 0 0 0 0 0 0 0 0 7.37541140332983 0 0 0 4.26328493824993 0 0 0 0 0 0 0 0 0 0 0 0 0 0 0 2.41901426866493 0 0 0 0 0 0 0 0 0 0 0 0 0 0
0 0 0 0 0 0 0 0 0 0 0 0 0 0 0 0 0 0 0 0 0 0 4.3965117589955 0 0 0 0 0 0 0 0 0 0 0 0 0 0 0 0 0 0 0 0 0 0 8.962208327116 0 13.0986660574993 0 0 0 0 0 0 0 0 0 0 0 0 0 0 0 0 0 0 0 0 0 0 0 0 0 0 0 0 0 0 0 0
0 0 0 0 0 0 0 0 0 0 0 0 0 0 0 0 0 0 0 0 0 0 0 0 0 0 0 0 0 0 3.34599723954686 0 0 0 0 0 0 0 0 0 0 0 0 0 0 34.6794809555731 0 16.495686445614 1.41728546777275 0 0 0 0 0 0 0 0 0 0 0 0 0 0 0 0 0 0 0 0 0 0 0 0 3.36559619679098 0 0 0 0 0 0
0 0 0 0 0 0 0 0 0 0 0 0 0 0 0 0 0 0 0 0 0 0 0 0 0 0 0 0 0 0 0 0 0 0 0 0 0 0 0 0 0 0 0 7.58121032026248 0 0 0 24.8645951877321 0 0 0 0 0 0 0 0 0 0 0 0 0 0 0 0 0 0 0 0 0 0 0 0 0 0 0 0 0 0 0 0
0 0 0 0 0 0 0 0 0 0 3.98270500499489 0 0 0 0 0 0 0 0 0 0 0 0 0 0 0 0 0 0 0 0 0 0 0 0 0 0 0 0 0 0 0 8.1799758646416 0 11.0206703810216 0 0 0 0 0 0 0 0 0 0 0 0 0 0 0 0 0 0 0 0 0 0 0 0 0 0 0 0 0 0 0 0 0 0 0
0 0 0 0 6.430324103364 0 0 0 0 0 0 0 4.64868025413095 0 0 0 0 0 2.91026673483192 0 0 0 0 0 0 0 0 0 0 0 0 0 0 0 0 0 0 0 0 0 0 0 25.4347036097255 0 0 9.17185393109788 4.86110068904602 2.51741399891412 0 0 0 0 0 0 0 0 0 0 0 0 0 0 0 0 0 0 0 0 0 0 0 0 0 0 0 0 0 0 0 0
0 0 0 0 0 0 0 0 0 0 0 0 0 0 0 9.98699926138838 0 13.4622835189973 0 12.5448481310827 7.73739109435269 8.85935525499542 0 0 0 0 0 0 0 0 0 0 0 0 0 0 0 0 0 0 2.89376673030176 0 0 0 0 0 0 0 0 0 0 0 0 0 0 0 0 0 0 0 4.84156803616427 0 0 0 0 0 0 3.29952313322205 0 0 0 0 0 0 0 0 0 0 0 0
0 0 0 0 0 0 0 0 0 0 0 0 0 0 0 0 0 0 0 0 0 0 0 0 3.33854983460661 0 0 0 0 0 0 0 0 0 0 0 0 0 0 0 0 0 0 0 0 0 0 0 0 0 0 0 0 0 0 0 0 0 0 0 0 0 9.66840781630755 0 0 15.3079368252721 0 0 0 0 0 0 0 0 0 0 0 0 0 0
0 0 0 0 0 0 0 0 0 0 0 0 0 0 0 0 0 0 0 0 0 0 0 0 0 0 0 0 0 0 0 0 0 0 0 0 0 0 0 0 0 0 5.8143650200042 0 10.5152337771103 0 12.8212885220243 9.43033405114196 0 0 0 0 0 0 0 0 0 0 0 0 0 0 5.20784628346227 0 0 0 0 0 0 0 0 0 0 0 0 0 0 0 0 0
0 0 0 0 0 0 0 0 0 3.43347934354614 0 0 0 0 0 0 0 0 0 0 0 0 3.52864850198375 0 0 0 0 0 0 0 0 0 0 0 0 0 0 0 0 0 0 0 0 11.4721880653022 0 11.6298209661484 0 18.5586234603867 0 0 0 0 0 0 0 0 0 0 0 0 2.54199304397094 0 0 0 0 0 0 0 0 0 0 0 0 0 0 0 0 0 0 0
0 0 0 0 0 0 0 0 0 0 0 0 0 0 0 0 0 0 0 0 0 0 0 0 0 0 0 0 0 0 0 0 0 0 0 0 0 0 0 0 0 0 0 0 0 17.9900400181513 0 0 15.2084276075026 0 0 0 0 0 0 0 0 0 0 0 0 0 0 0 0 0 0 0 0 0 0 0 0 0 0 0 0 0 0 0
0 0 0 0 0 0 0 0 0 0 0 0 0 0 29.0239695349118 0 7.95595981294883 4.97078715778086 0 0 5.79739514306202 0 0 0 0 0 0 0 0 0 2.80246275534993 0 0 0 0 0 0 0 0 0 0 0 0 0 0 0 2.65764359806718 0 0 0 0 0 0 0 0 0 0 0 0 0 0 0 0 0 3.01044398242767 0 0 0 0 0 0 0 0 0 0 0 0 0 0 0
0 0 4.47682680854339 0 0 0 0 0 0 0 0 0 0 0 0 0 0 0 0 0 0 0 0 0 0 0 0 0 0 0 0 0 0 0 0 0 0 0 0 0 0 0 0 0 0 0 0 0 0 0 0 0 0 0 0 0 0 0 0 0 0 0 0 0 8.21462620175064 0 0 0 0 0 0 0 0 0 0 0 0 0 0 0
0 0 0 0 0 0 0 0 0 0 0 0 0 0 13.1829828620935 0 0 0 0 0 0 0 0 0 0 0 0 0 0 0 0 0 0 0 0 0 0 0 0 0 0 0 0 10.9597126255065 0 0 0 0 0 0 0 0 0 0 0 0 0 0 0 0 0 5.19992663423573 0 0 0 0 0 0 0 0 0 0 0 0 0 0 0 0 0 0
0 0 0 0 0 0 0 0 0 4.95976297787634 0 0 0 0 4.37073984628416 0 0 6.87557034115094 0 8.63930287008607 21.1841718361411 0 0 0 0 0 0 0 0 0 0 0 0 0 0 0 0 0 0 0 0 0 0 0 0 0 0 0 0 0 0 0 0 0 0 2.78765086849091 0 0 0 0 0 0 0 0 0 0 0 0 0 0 0 0 3.03369135022883 0 0 0 0 0 0 0
0 0 0 0 0 0 0 0 0 0 0 0 2.62624298412643 0 0 0 0 0 0 0 0 0 0 0 0 0 0 0 0 0 0 0 0 0 0 0 0 0 0 0 0 0 0 9.39271539117554 0 0 15.4062987127481 0 12.1641353763802 0 0 0 0 0 2.25668048145384 0 0 0 0 0 0 0 0 0 0 0 0 0 0 0 0 0 0 0 0 0 0 0 0 0
0 0 0 0 0 0 0 0 0 0 0 0 0 0 0 0 0 0 0 0 0 0 0 0 0 0 0 0 0 0 0 0 0 0 0 0 0 0 0 0 0 0 0 0 13.1963392550326 0 0 9.00975221061382 5.0920452989616 0 0 0 0 0 0 0 0 0 0 0 0 0 0 0 0 0 0 0 0 0 0 0 0 0 0 0 0 0 0 0
0 0 0 0 0 0 0 0 0 0 0 0 0 0 0 0 0 0 0 0 0 0 0 0 0 0 0 0 0 0 0 0 0 0 0 0 0 0 0 0 0 0 0 8.84650971331923 0 0 10.2936873729154 0 4.21110769636819 0 0 0 0 3.05703587182397 0 0 0 0 0 0 0 0 0 0 0 0 0 0 0 0 0 0 0 0 0 0 0 0 0 0
0 0 0 0 0 0 0 0 0 0 0 0 0 0 0 0 0 0 0 0 0 0 0 0 0 0 0 0 0 0 0 0 0 0 0 0 0 0 0 0 0 0 0 0 0 0 0 5.85267705073041 0 0 0 0 0 0 0 0 0 0 0 0 0 0 0 0 0 0 5.17965609667682 0 0 0 0 0 0 0 0 0 0 0 0 0
0 0 0 0 0 0 0 0 0 0 0 2.66010341003465 0 0 0 0 0 0 0 0 0 0 0 0 0 0 0 0 0 0 0 0 0 0 0 0 0 0 0 0 0 0 0 0 10.4726177977253 8.96860705063467 7.8552474754688 0 4.4593194961771 0 0 0 0 0 0 3.52623527646357 0 0 0 0 0 0 0 0 0 0 0 0 0 0 0 0 0 0 0 0 0 0 0 0
0 0 0 0 0 0 0 0 0 0 0 0 0 0 0 0 0 0 0 0 0 0 0 0 0 0 0 0 0 0 0 0 0 0 0 0 0 0 0 0 0 0 0 12.6952029245476 0 16.3843055261794 6.52510619508526 0 11.6101749179215 0 0 0 0 0 0 0 0 0 0 0 0 0 0 0 0 0 0 0 2.57863621796856 0 0 0 0 0 0 0 0 0 0 0
0 0 0 0 0 0 0 0 0 0 0 0 0 0 0 0 0 0 0 0 0 0 0 0 0 0 0 0 0 0 0 0 0 4.81672216533675 0 0 0 0 0 14.4445231194483 0 0 0 28.1566247662786 0 7.79496063868483 5.47133019484144 0 0 0 0 0 0 0 0 0 0 0 0 0 0 0 0 0 0 0 0 0 0 0 0 0 0 0 0 0 0 0 0 0
0 0 0 0 0 0 0 0 0 0 0 0 0 3.79689746891419 0 0 0 0 0 0 0 0 0 0 0 0 0 0 0 0 0 0 0 0 0 0 0 0 0 0 0 0 11.8432752837101 0 0 6.44528237321319 20.7268712808295 4.4246346274163 3.31575656595268 0 0 0 0 0 0 0 0 0 0 0 0 0 0 0 0 0 0 0 0 0 0 0 0 0 0 0 0 0 0 0
0 0 0 0 0 0 0 0 0 0 0 0 0 0 0 0 0 0 0 0 0 0 0 0 0 0 0 0 0 0 0 0 0 0 0 0 0 0 0 0 0 0 0 0 0 6.24147190549077 10.4994147745941 4.49412432779006 0 0 0 0 0 0 0 0 0 0 0 0 0 0 0 0 0 0 0 0 0 0 0 0 0 0 0 0 0 0 0 0
0 0 0 0 0 0 0 0 5.11943953619368 0 0 0 0 0 0 0 0 0 0 0 0 0 0 0 0 0 0 0 0 0 0 0 0 0 0 3.73077943099514 0 0 0 0 0 0 0 0 0 0 0 0 0 0 0 0 0 0 0 0 0 0 0 0 0 0 0 0 0 0 0 0 0 0 0 0 0 0 0 0 0 0 0 0
0 0 0 0 0 0 0 0 0 0 0 0 0 0 0 0 0 0 0 0 0 3.89330393422459 0 0 0 0 0 0 0 0 0 0 0 0 0 0 0 0 0 0 0 0 0 0 0 0 0 0 0 0 0 0 0 0 0 0 0 0 0 0 0 0 0 26.1994324137645 9.32837203796715 0 0 0 0 0 0 0 0 0 0 0 0 0 0 0
0 0 0 0 0 0 0 0 0 0 0 0 0 0 0 0 0 0 0 0 0 0 0 0 0 0 0 0 0 0 0 0 0 3.42011724619412 0 0 0 0 0 0 0 0 0 0 9.8213779553956 0 0 10.7200195748558 0 0 0 0 0 0 0 0 0 0 0 0 0 0 0 0 0 0 0 0 0 0 0 0 0 0 0 0 0 0 0 0
0 0 0 0 0 0 0 0 0 0 0 0 0 0 0 3.01218139104944 0 0 0 0 0 0 0 0 0 0 0 0 0 0 0 0 0 0 0 0 0 0 0 0 0 0 0 0 0 12.195935460631 10.9857103968732 6.84673374258792 0 0 0 0 0 0 0 0 0 0 0 0 0 0 0 0 0 0 0 0 0 0 0 0 0 0 0 0 0 0 0 0
0 0 0 0 0 0 0 0 0 0 0 0 0 0 0 0 0 0 0 0 0 0 0 0 0 0 0 0 0 0 0 0 0 0 0 0 0 0 0 0 4.94259969363563 0 0 0 0 14.0149282991723 0 0 10.2117378204601 10.1015415051438 0 0 0 0 0 0 0 0 0 0 0 0 0 0 0 0 0 0 0 0 0 0 0 0 0 0 0 0 0 0
0 0 0 0 0 0 0 0 0 0 0 0 0 0 0 0 0 0 0 0 0 0 0 0 0 0 0 0 0 0 0 0 0 0 0 0 0 0 0 0 0 0 0 0 0 32.6585058395458 0 0 0 0 0 0 0 0 0 0 0 0 0 0 0 0 0 0 0 3.67389357774564 0 0 0 0 0 0 0 0 0 0 0 0 0 0
0 0 0 0 0 0 0 0 0 0 0 0 0 0 0 0 0 0 0 0 0 0 0 0 0 0 0 0 0 0 0 0 0 0 0 0 0 0 0 0 0 0 0 0 0 24.9762776098725 0 0 0 0 0 0 0 0 0 0 0 0 0 0 0 0 0 0 0 0 0 0 0 0 0 0 0 0 0 3.16443101314037 0 0 0 0
0 0 0 0 0 0 0 0 0 0 0 0 0 0 0 0 0 0 0 0 0 0 0 0 0 0 0 0 0 0 0 0 0 0 0 0 0 0 0 0 0 0 0 0 10.9602350102848 6.9615071580266 9.8991875972253 0 0 0 0 0 0 0 0 0 0 0 0 0 0 0 0 0 0 0 0 0 0 0 0 0 0 3.07544613108884 0 0 0 0 0 0
0 0 0 0 0 0 0 0 0 0 0 0 0 0 0 0 4.33314494733492 0 0 0 0 0 0 0 0 0 0 0 0 0 0 0 0 0 0 0 0 0 0 0 0 0 0 0 14.0567181983476 14.3735338308895 6.22175603470736 13.3421242031488 0 0 0 0 0 0 0 0 0 0 0 0 0 0 0 0 0 0 0 0 0 0 0 0 0 0 0 0 0 0 0 0
0 0 0 0 0 0 0 0 0 0 0 0 0 0 0 4.5905756761754 0 0 0 0 0 0 0 0 0 0 0 0 0 0 0 0 0 0 0 0 0 0 0 0 0 0 0 0 0 0 0 0 0 0 0 0 0 0 0 0 0 0 0 0 0 0 0 0 4.98367346111334 0 0 0 0 0 0 0 0 0 0 0 0 0 0 0
0 0 0 0 0 0 0 0 0 0 0 0 4.5491987818912 0 0 0 0 0 0 0 0 0 0 0 0 0 0 0 0 0 0 0 0 0 0 0 0 0 0 0 0 0 0 0 0 0 0 0 0 0 0 0 0 0 5.22795434119551 0 0 0 0 0 0 0 0 13.1688580695289 0 0 0 0 0 0 0 0 0 0 0 0 0 4.53372997693611 0 0
0 0 0 0 0 0 0 0 0 0 0 0 0 0 10.0909588903725 0 0 5.86761033283293 25.9223166934904 0 8.64764304532022 0 0 0 0 0 0 0 0 0 0 0 0 0 0 0 0 0 0 0 0 0 0 0 0 0 0 0 0 0 0 0 0 0 0 0 0 0 0 0 0 0 0 0 0 0 0 0 0 0 0 0 0 0 0 0 0 0 0 0
0 0 0 0 0 0 0 0 0 0 0 0 0 0 0 0 0 0 0 3.13946418347915 0 0 0 0 0 0 0 0 0 0 0 0 0 0 0 0 0 0 0 0 0 0 0 0 0 0 0 0 0 0 0 0 0 0 0 0 0 0 0 5.28720698170292 0 0 0 8.98525131110413 0 0 0 0 0 0 0 0 0 0 0 0 0 0 0 0
0 0 0 0 0 0 0 0 0 0 0 0 0 0 0 0 0 0 0 0 0 0 0 0 0 0 0 0 0 0 0 0 0 0 0 0 0 0 0 0 0 0 0 0 0 0 0 0 0 0 0 0 0 0 0 0 0 0 7.62854665548329 0 0 4.66089578962605 0 0 0 0 0 0 0 0 4.57857983226185 0 0 0 3.17248751739262 0 0 0 0 0
0 0 0 0 0 0 0 0 0 0 0 0 0 0 0 0 0 0 0 0 0 0 0 0 0 0 0 0 0 0 4.75371951612235 0 0 0 0 0 0 0 0 0 0 0 0 0 0 0 0 5.31295462707891 0 0 0 0 0 0 0 0 0 0 2.91774586503501 0 0 0 0 0 0 0 0 0 0 0 0 0 0 0 0 0 0 0 0 0
0 0 0 0 0 0 0 0 0 0 0 4.61055202909819 0 0 0 0 28.4291674314293 5.33094905336666 0 0 8.76254669360238 0 0 0 0 0 0 0 0 0 0 0 0 0 0 0 0 0 0 0 0 0 0 0 0 0 0 0 0 0 0 0 0 0 0 0 0 0 0 0 0 0 0 0 0 0 0 0 0 0 0 0 0 0 0 0 0 0 0 0
0 0 0 0 0 0 0 0 0 0 0 0 0 0 0 0 0 0 0 0 0 0 0 0 0 0 0 0 0 0 0 0 0 0 0 0 0 0 0 0 0 0 0 0 0 0 0 0 0 0 0 0 0 0 0 0 0 0 0 0 0 0 0 0 0 0 0 0 0 0 0 0 0 0 0 0 0 0 0 0
0 0 0 0 0 0 0 0 0 0 0 0 0 0 0 0 0 0 0 0 0 0 7.08133074627052 0 0 0 0 0 0 0 0 0 0 0 0 0 0 0 0 0 0 0 0 0 0 0 0 0 0 0 0 2.80767632967342 0 0 0 0 0 0 6.58460082010843 7.26625823888875 0 0 0 24.6334200654986 0 0 0 0 0 0 0 0 0 0 0 0 0 0 0 0
0 0 0 0 0 0 0 0 0 0 0 0 0 0 0 0 0 0 0 0 0 0 0 0 0 0 0 0 0 0 0 0 0 0 0 0 0 0 0 0 0 0 0 0 0 24.5215861729259 9.88958150326169 0 0 0 0 0 0 0 0 0 5.28037078480203 0 0 0 0 0 0 0 0 0 0 0 0 0 0 0 0 0 0 0 0 0 0 0
0 0 0 0 0 0 0 0 0 0 0 0 0 0 0 0 0 0 0 0 0 0 0 0 0 0 0 0 0 0 0 0 0 0 0 0 0 0 0 0 0 0 0 3.20578637709857 0 0 0 0 0 0 0 0 0 0 0 0 0 0 0 8.83873535156327 0 0 0 0 0 6.55564930032136 0 0 0 0 0 0 0 0 0 4.51921660816296 0 0 0 0
0 0 0 0 0 0 0 0 0 0 0 0 0 0 0 0 0 0 0 0 0 0 0 0 3.18229714626332 0 0 0 0 0 0 0 0 0 0 0 0 0 0 0 0 0 0 14.1800446684487 0 11.8238750271844 0 0 0 0 0 0 0 0 0 0 0 0 0 0 0 0 0 4.030570551826 0 0 0 0 0 0 0 5.42610197990076 0 0 0 0 0 0 0 0
0 0 0 0 0 0 0 0 0 0 0 0 0 0 0 0 0 0 0 0 0 0 0 0 0 0 0 0 0 0 0 0 0 0 0 0 0 0 0 0 0 0 0 0 0 0 0 0 0 0 0 0 0 3.22666867363753 0 0 0 0 0 0 0 0 0 0 0 0 0 0 0 0 0 0 0 0 0 0 0 0 0 0
0 0 0 0 0 0 0 0 0 0 0 0 0 0 0 0 0 0 0 0 0 0 0 0 0 0 0 0 0 0 0 0 0 0 0 0 0 0 0 0 0 0 0 0 0 0 0 0 0 0 0 0 0 0 0 0 4.60460905607505 0 0 0 0 0 0 0 0 0 0 0 0 0 0 0 0 0 0 0 0 0 0 0
0 0 0 0 0 0 0 0 0 4.16571385179922 0 0 0 0 0 0 0 0 0 0 0 0 0 0 0 0 0 0 0 0 0 0 0 0 0 0 0 0 0 0 0 0 0 0 0 0 0 0 0 0 0 0 0 0 0 0 0 0 0 6.62000831203777 0 0 0 0 0 14.8827357337437 0 0 0 0 0 0 0 0 0 0 0 0 0 0
0 0 0 0 0 0 0 0 0 0 0 0 0 0 0 0 0 0 0 0 0 0 0 0 0 0 0 0 0 0 0 0 0 0 0 0 0 0 0 0 0 0 0 13.9623748701349 0 13.1400895498254 0 5.71565365806887 0 0 0 0 0 0 0 0 0 0 0 0 0 0 0 0 0 0 0 0 0 0 0 0 0 0 0 0 0 0 0 0
0 0 0 0 0 0 0 0 0 0 0 0 0 0 0 13.5325218600747 10.7935313027727 9.63994920278335 0 0 25.73543103967 1.03976162807155 0 0 0 0 0 2.070724778576 0 0 0 0 0 0 0 0 0 0 0 0 0 0 0 3.8067978870732 0 0 0 0 0 0 0 4.56681628430338 0 0 0 0 0 0 0 0 0 0 0 0 0 3.67742353722234 0 0 0 0 0 0 0 0 0 0 0 0 0 0
0 0 0 0 0 0 0 0 0 0 0 0 0 0 0 0 0 0 0 0 0 0 0 0 0 0 0 0 0 0 0 0 0 0 0 0 0 0 0 0 0 0 0 0 0 0 0 0 0 8.64251356414369 0 0 0 0 0 2.64404365909907 0 0 0 0 0 0 0 16.8268217363228 0 0 0 0 0 0 0 0 0 0 0 0 0 0 0 0
0 0 0 0 0 0 0 0 0 0 0 0 0 0 7.06993406912783 0 11.0129558927532 10.6747542992896 0 0 0 0 4.89443267259284 0 0 0 0 0 0 0 0 0 0 0 0 0 0 0 0 0 0 0 0 0 0 0 0 0 0 0 0 3.8976145321787 0 0 0 0 5.48358369449982 0 0 0 0 0 0 0 0 0 0 0 0 0 0 0 0 0 0 0 0 0 0 0
0 0 0 0 0 0 0 5.21671510968178 0 0 0 0 0 0 0 6.18292807496981 9.23884022642092 8.06315015866543 0 6.29885126379539 23.0512423666976 0 0 0 0 0 0 0 0 0 0 0 0 0 0 0 0 2.67052021252775 0 0 0 0 0 0 3.38799963430173 0 0 0 0 0 0 0 0 0 0 0 0 0 0 0 0 0 0 0 0 0 0 0 0 0 0 0 0 0 0 0 0 0 0 0
0 0 0 0 0 0 0 0 0 0 0 0 0 0 0 0 0 0 0 0 0 0 0 0 0 0 0 0 0 0 0 0 0 0 0 0 0 0 0 0 0 0 0 0 0 0 0 0 0 0 0 0 0 0 0 0 0 0 6.7392874229362 5.59138407062394 0 0 0 0 0 0 0 0 0 0 0 0 0 0 0 0 0 0 0 0
0 0 0 0 0 0 0 0 0 0 0 0 3.57342107526047 0 0 0 0 0 0 0 0 0 0 4.0843414077171 0 0 0 0 0 0 0 0 0 0 0 0 0 0 0 0 0 0 4.39443588174089 0 0 0 0 0 0 0 0 0 0 0 0 0 0 0 0 0 0 8.78901636874684 0 0 6.7724831538024 0 0 0 0 0 0 4.62500260303092 0 0 0 0 0 0 0 0
0 0 0 0 0 0 0 0 0 0 0 0 0 0 0 0 0 0 0 0 0 0 0 0 0 0 0 0 0 0 0 0 0 0 0 0 0 0 0 0 0 0 0 0 0 0 0 0 0 0 0 0 0 0 0 0 7.75733036740029 0 0 0 0 0 0 0 0 0 0 0 0 0 0 0 0 0 0 0 0 0 0 0
0 0 0 0 0 0 0 0 0 0 0 0 0 0 0 0 0 0 0 0 0 0 3.55956195929947 0 0 0 0 0 0 0 0 0 0 4.01874318948314 0 0 0 0 0 0 0 0 0 0 0 0 0 0 0 0 0 0 0 0 0 0 0 0 0 4.32278823363588 0 0 0 0 0 0 0 0 0 0 0 0 0 0 0 0 0 0 0 0
0 0 0 0 0 0 0 0 0 0 0 0 0 0 0 0 0 0 0 0 0 0 0 0 0 0 0 0 0 0 0 0 0 0 0 0 0 0 0 0 0 0 0 0 0 0 0 0 0 0 0 0 0 0 0 0 0 0 0 0 9.05018175785848 0 0 0 0 0 0 0 0 0 0 0 0 0 0 0 0 0 0 0
0 0 0 0 0 0 0 0 0 0 0 0 0 0 0 0 0 0 0 0 0 0 0 0 0 0 0 0 0 0 0 0 0 0 0 0 0 0 0 0 0 0 0 0 0 0 0 0 0 0 0 0 0 0 0 0 0 0 0 12.7407923375872 0 0 0 0 0 0 0 0 0 0 0 0 2.44047996535714 0 0 0 0 0 0 0
0 0 0 0 0 0 0 0 0 0 0 0 0 0 0 0 0 0 0 0 0 0 0 0 0 0 0 0 0 0 0 0 0 0 0 0 0 0 0 0 0 0 0 0 0 0 0 0 0 0 0 0 0 0 0 0 0 0 4.45922165260525 0 0 8.79222970477959 0 4.85570255269456 0 0 0 0 0 0 0 0 0 0 0 4.66983032764541 0 0 0 0
0 0 0 0 0 0 0 0 0 0 0 0 0 0 0 0 0 0 0 0 0 0 0 0 0 0 0 0 0 0 0 0 0 0 0 0 0 0 0 0 0 0 0 0 0 0 0 0 0 0 0 0 0 0 0 0 0 7.88728199375705 0 0 0 0 0 0 0 0 0 0 0 0 0 0 0 0 0 0 0 0 0 0
0 0 0 0 0 0 0 0 0 0 0 0 0 0 0 25.5126985999233 0 9.83103441934676 0 4.10806455294572 10.3260913156674 0 0 0 0 0 0 0 0 0 0 0 0 0 0 0 0 0 0 0 0 0 0 0 0 3.45186348841869 0 0 0 0 0 0 0 0 0 0 0 0 0 0 0 0 0 0 0 0 0 0 0 2.55374307704704 0 0 0 0 0 0 0 0 0 0
0 0 0 0 0 0 0 0 0 0 0 0 0 0 0 5.45226043170029 0 0 0 0 0 0 0 0 0 0 0 0 0 0 0 0 0 0 0 0 0 0 0 0 0 0 0 0 0 0 0 0 0 0 0 0 0 0 0 0 0 0 0 0 0 0 0 0 0 0 4.36351069255183 0 0 0 0 0 0 0 0 0 0 0 0 0
0 0 0 0 0 0 0 0 5.65922962396497 0 0 0 0 0 0 10.9525604173332 11.6149958614229 0 8.54877854539631 0 0 24.8302443053517 0 0 0 0 0 0 0 0 0 0 0 0 0 0 0 0 0 0 0 0 10.5848806517598 0 3.60560576347659 0 0 0 0 0 0 0 0 0 0 0 0 0 0 0 0 0 0 0 0 0 0 0 0 0 0 0 0 0 0 0 0 0 0 0
0 0 0 0 0 0 0 0 0 0 0 0 0 0 0 0 0 0 0 0 0 0 0 0 0 0 0 0 0 0 0 0 0 0 0 0 0 0 0 0 0 0 0 0 0 0 0 0 0 0 0 0 0 0 0 0 0 0 11.3961904030898 8.84522354610791 0 0 0 0 0 8.64529988277385 0 0 0 0 0 0 0 0 0 0 0 0 0 0
0 0 0 0 0 0 0 0 0 0 0 0 0 0 0 0 0 0 0 0 0 0 0 0 0 0 0 0 0 0 0 0 0 0 0 0 0 0 0 0 0 0 0 0 6.20027923203625 8.56269088615796 8.3922909577294 0 0 2.25827599440691 0 0 0 0 0 0 0 0 0 0 4.01585432539848 0 0 0 0 0 0 0 0 0 0 7.9264502036721 0 0 0 0 0 0 0 0
