0 0 0 0 0 0 0 0 0 0 0 0 0 0 0 0 0 5.89746131926288 0 0 12.168251077268 0 24.736234771886 7.42595660085314 0 0 0 0 0 0 0 0 0 0 0 0 0 0 0 0 0 0 0 0 0 0 0 0 0 26.5258822885141 0 0 0 0 0 0 0 0 0 0 0 0 0 0 0 0 0 0 0 0 0 0 0 0 0 0 0 0 0 0
0 0 0 0 0 0 0 0 0 0 0 0 0 0 0 0 7.23327904310274 0 24.3916464112993 4.42572870279607 6.0450983122401 4.89214216360708 6.17509774830489 0 0 5.19459232882084 0 0 0 0 0 0 0 0 0 0 0 0 0 0 0 0 0 0 0 0 0 0 0 13.9060374582522 9.32548121172132 6.67355603702485 0 2.81805779735166 0 0 0 0 0 0 0 0 0 0 0 0 0 0 0 0 0 0 0 0 0 0 0 0 0 0
0 0 0 0 0 0 0 0 0 0 0 0 0 0 0 0 0 10.2264090197965 0 15.5130515033778 0 9.00240355897639 4.45490744588428 19.6932378701504 0 0 0 0 0 0 0 0 0 0 0 0 0 0 0 0 0 0 0 0 1.89446656909002 0 0 0 0 0 12.1615340330497 0 5.84918445863496 0 0 0 0 0 0 0 0 0 0 0 0 0 0 2.06934770968927 0 0 0 0 0 0 0 0 0 0 0 0
0 0 0 0 0 0 0 0 0 0 0 0 0 0 0 0 0 0 0 0 0 0 0 0 0 0 0 0 0 0 0 0 0 0 3.04064580896221 0 0 0 0 0 5.50010952415151 0 0 0 8.66888098910809 0 0 0 5.88793770524323 0 0 0 0 0 0 0 0 0 0 0 0 0 0 0 0 0 0 0 0 0 0 0 0 0 0 3.8782009018802 0 0 0 0
0 0 0 0 0 0 0 0 0 0 0 0 0 0 14.2011183338135 0 0 11.9371636797193 0 0 7.1794498199034 0 9.29856218809793 21.5525364909819 0 0 0 0 0 0 0 0 0 0 0 0 0 0 0 0 0 0 0 0 0 0 0 0 0 16.3353134143878 0 0 0 0 0 0 0 0 0 0 0 0 0 0 0 0 0 0 0 0 3.07291435951472 0 0 0 0 0 0 0 0 0
0 0 0 0 0 0 0 0 0 0 0 0 0 0 0 0 7.40371629854131 0 13.0305493539258 9.24894448380393 0 8.16012977573093 17.1233090807697 0 0 0 0 0 0 0 0 0 0 0 0 0 0 0 0 0 0 0 2.22322967970179 0 0 0 0 0 5.66633163659482 0 0 25.8707897139411 0 0 0 0 0 0 1.89104398333637 0 0 0 0 0 0 0 0 0 0 0 0 0 0 0 0 0 0 0 0 0
0 0 0 0 0 0 0 0 0 0 0 0 0 0 0 5.34776888454551 0 26.3539859147064 0 4.17891817585685 9.45585244398337 2.85481965111378 21.3808642403 0 0 0 0 0 0 0 0 0 0 0 0 0 2.21982544201186 0 0 0 0 0 0 0 0 0 0 8.5335046885996 0 0 3.92378793531464 0 0 0 0 0 0 0 0 0 0 0 0 0 0 0 0 0 0 0 0 0 0 0 0 0 0 0 0 0
0 0 0 0 0 0 0 0 0 0 0 0 0 0 0 0 0 12.2636524454225 0 5.44060790000092 0 7.33467803915838 5.52057446542266 2.97819845844467 0 0 0 0 0 0 0 0 0 0 0 1.69435649267044 0 0 0 0 0 0 0 0 0 0 0 0 0 0 10.3754323159153 15.9362543024221 0 25.2701047299597 0 0 0 0 0 0 0 0 0 0 0 0 0 0 0 0 0 0 0 0 0 0 0 0 0 0
0 0 0 0 0 0 0 0 0 0 0 0 0 0 0 0 0 8.45314438080272 8.67812371602997 8.12368631792202 0 0 6.38836013856621 0 0 0 0 0 0 0 0 0 0 0 0 0 0 0 0 0 0 0 0 0 0 0 0 0 0 0 0 9.9869958643913 0 5.24018704233345 0 0 0 0 0 0 0 0 0 0 0 0 0 0 3.53059659158258 0 0 0 0 0 0 0 0 0 0 0
0 0 0 0 0 0 0 0 0 0 0 0 0 0 0 0 0 11.0856305219521 7.45316057480017 0 16.8560932654853 0 0 0 0 0 0 0 0 0 0 0 0 0 0 0 0 0 0 0 0 0 0 0 0 0 0 0 0 0 0 0 9.4533115063126 0 0 0 0 0 0 0 0 0 0 0 0 0 0 0 0 0 0 6.78188322965048 0 0 0 0 0 0 0 0
0 0 0 0 0 0 0 0 0 0 0 0 0 0 0 0 0 0 0 0 13.1471845940181 17.791724389363 0 7.82560859788113 0 0 0 0 0 0 0 0 0 0 0 0 0 0 0 0 0 0 0 0 0 0 0 0 5.51433617919557 0 0 10.0463678753632 0 0 0 0 0 0 0 0 0 0 0 0 0 3.48160379649648 0 0 0 0 0 0 0 0 4.51207963482792 0 0 0 0 0
0 0 0 0 0 0 0 0 0 0 0 0 0 0 0 0 18.4468524390471 0 6.05460448076057 22.1078893056172 9.96693195924361 0 23.9906278163623 0 0 0 0 0 0 0 0 0 0 0 0 0 0 0 3.00455729666278 0 0 0 0 0 0 0 0 0 0 0 6.46697644650676 0 23.3212202758947 0 0 0 0 0 0 0 0 0 0 0 0 0 1.75771943625746 0 0 0 0 0 0 0 0 0 0 0 0 0
0 0 0 0 0 0 0 0 0 0 0 0 0 0 0 0 28.8299034301233 0 14.5209973899133 0 6.36334449040304 4.83644491648781 1.84187657440216 0 0 0 0 0 0 0 0 0 0 0 0 0 0 0 0 0 0 0 0 0 0 0 0 0 0 0 10.9870896729686 28.0748409213333 0 0 0 0 0 0 0 0 0 0 0 0 0 0 0 0 0 0 0 0 0 0 0 0 0 0 0 0
0 0 0 0 0 0 0 0 0 0 0 0 0 0 0 0 0 0 0 0 0 0 0 0 0 0 3.20796770062197 0 0 0 0 0 0 0 0 0 0 0 0 0 0 0 0 0 0 0 0 0 0 0 0 0 0 0 0 0 0 0 0 0 10.2598179251633 8.16769913219135 8.30994107168266 5.42262622328596 0 0 0 0 0 0 0 0 0 0 0 0 0 0 0 0
0 0 0 0 0 0 0 0 0 0 0 0 0 0 0 0 6.91031381334412 0 10.4044235802976 4.06589425949662 0 13.4344598023188 6.14630296616614 3.62940450067038 0 0 0 0 0 0 0.579273777998644 0 0 0 0 0 0 0 0 0 0 0 0 0 0 0 0 0 0 0 0 10.3083900980529 0 0 0 4.54902502877228 0 0 0 0 0 0 0 0 0 0 0 0 0 0 0 0 0 0 0 0 0 0 0 0
0 0 0 0 0 0 0 0 0 0 0 0 0 0 0 0 0 0 0 0 10.0566608747236 0 6.01932669229896 21.2783724415293 0 8.06539004386951 0 0 0 0 0 0 0 0 0 0 0 0 0 0 0 0 0 0 0 0 0 0 0 0 8.73701668888971 11.2776198572669 0 0 0 0 0 0 0 0 0 0 0 0 0 0 0 0 0 0 0 0 0 0 0 0 0 0 0 0
0 0 0 0 0 0 0 0 0 0 0 0 0 0 0 0 0 0 0 0 0 0 0 0 0 0 0 0 0 0 0 0 0 0 0 0 0 0 0 0 0 0 0 0 0 0 0 0 0 0 0 0 0 0 0 0 0 0 0 0 6.56199102641137 25.682827895744 6.69384940154121 0 17.9846440257399 0 0 0 0 0 0 0 0 0 0 0 0 0 0 0
0 0 0 0 0 0 0 0 0 0 0 0 0 0 0 0 0 0 0 12.9584214303222 0 7.42684015625137 12.3479279437634 0 0 0 0 0 0 0 0 0 0 0 0 0 0 0 0 0 0 0 0 0 0 0 0 0 0 0 5.59340661593632 12.1180014265642 0 0 0 0 0 0 0 0 0 0 0 0 2.74850559565582 0 0 0 0 0 0 0 0 0 0 0 0 0 0 0
0 0 0 0 0 0 0 0 0 0 0 0 0 0 0 0 0 0 0 13.3005269588022 0 15.7437571616219 0 28.9659466641679 0 0 0 0 0 0 0 0 0 0 0 0 0 0 0 0 0 0 0 0 0 0 0 0 0 0 11.9477286656841 8.24282534628019 2.84478215420708 0 0 0 0 0 0 0 0 0 0 0 0 0 0 0 0 0 0 0 0 0 0 0 0 0 0 0
0 0 0 0 0 0 0 0 0 0 0 0 0 0 0 0 0 0 0 6.60892281740243 16.8807495065453 0 18.1694627306659 0 5.69869626704578 0 0 0 0 0 0 0 0 0 0 0 0 0 0 0 0 0 0 0 0 0 0 0 0 0 11.6319317147266 0 21.5374681516843 0 0 9.89336451142134 0 0 0 0 0 0 0 0 0 0 0 0 0 0 0 0 0 0 0 0 0 0 0 0
0 0 0 0 0 0 0 0 0 0 0 0 0 0 0 0 0 0 0 11.9155915135465 13.726310219046 5.18112164940167 5.93786593783822 8.04770765777892 0 0 0 0 0 0 0 0 0 0 0 0 0 0 0 0 0 0 0 2.2354852085199 0 0 0 0 0 6.55292276911538 8.85070597723476 3.83878831317694 0 0 0 13.2336426483778 0 0 0 0 0 0 0 0 0 0 0 0 0 0 0 0 2.19030865988056 0 0 0 0 0 0 0
0 0 0 0 0 0 0 0 0 0 0 0 0 0 0 0 8.05333622565435 10.6071781932478 0 8.15035638565775 8.45747228821745 6.90059105694768 4.40656430669766 3.7090498639373 0 2.34192464596646 1.36847194673047 0 0 0 0 0 0 0 0 0 0 0 0 0 0 0 0 0 0 0 0 0 0 23.5279564687721 0 3.72945980651546 0 10.5786043482156 0 0 0 0 0 0 0 0 0 0 0 0 0 0 0 0 0 0 0 0 0 0 0 0 0 0
0 0 0 0 0 0 0 0 0 3.39509330593184 0 0 0 0 0 0 0 7.58459285515884 0 13.517944132652 0 9.32026388962277 14.6531507195479 0 0 0 0 0 0 0 0 0 0 0 0 0 1.37300393801262 0 0 0 0 0 0 10.5615320470631 0 0 0 0 0 7.2214497069032 0 14.1504721114476 0 0 0 0 0 0 0 0 0 0 0 0 0 0 0 0 0 0 0 0 0 0 3.95626658919068 0 0 0 0 0
0 0 0 3.22236210434702 0 0 0 0 0 0 0 0 0 0 0 0 0 6.15526350993721 0 8.80184301520157 23.2345484529732 6.01980868395771 9.82889443342902 2.25372537167785 0 0 0 0 0 0 0 0 0 0 0 0 0 0 0 0 0 3.21663867712565 0 0 0 0 0 0 0 0 8.50732957268924 9.32185405302123 0 0 0 0 0 0 0 0 0 0 0 0 0 0 0 0 0 0 0 0 0 0 0 0 0 3.76286738257786 0 0
0 0 0 0 0 0 0 3.8168028551711 0 0 0 0 0 0 0 0 0 0 0 9.87546407333364 0 11.6691490129406 7.27232788788131 0 0 0 0 0 0 0 0 0 0 0 0 0 0 0 0 0 0 0 0 0 0 0 0 0 0 11.2181819453949 14.982222757595 6.35296977073074 0 0 0 0 0 0 0 0 0 0 0 0 0 0 0 0 0 0 0 0 0 0 3.25435853833527 0 0 0 0 0
0 0 0 0 0 0 0 0 0 0 0 0 0 0 0 0 0 0 0 0 0 0 0 0 0 0 0 0 0 0 0 0 0 0 0 0 0 0 0 0 0 0 0 0 22.5281227482766 0 7.70581769773149 0 0 0 0 0 0 0 0 0 0 0 0 0 3.61818261312763 0 0 0 0 0 0 6.65204012079716 0 0 0 0 0 0 0 0 0 0 0 0
0 0 0 0 0 0 0 0 0 0 0 0 0 0 0 0 0 0 0 0 0 0 0 0 0 0 0 0 0 0 2.42913039634524 0 0 0 0 0 0 0 0 0 0 0 0 0 0 0 0 0 0 0 0 0 0 0 0 0 0 0 0 0 20.3575679248715 0 5.43293613993055 0 0 0 0 0 0 0 0 0 0 0 0 0 0 0 0 0
0 0 5.5651247979312 0 0 0 0 0 0 0 0 0 0 0 0 0 0 0 0 0 0 0 0 0 0 0 0 0 0 0 0 0 0 0 0 0 0 0 0 0 0 0 0 0 0 0 0 7.68444183660292 0 4.33543028383039 0 0 0 0 0 0 0 0 0 0 0 0 0 0 0 0 0 0 0 0 0 0 0 0 0 0 0 0 0 0
0 0 0 0 0 0 0 0 0 0 0 0 0 0 0 0 0 0 0 0 0 0 0 0 0 0 0 0 0 0 0 0 0 0 0 0 0 0 0 0 0 0 0 0 0 22.6034480606198 6.31413273790409 0 0 0 0 0 0 0 0 0 0 0 0 0 0 0 0 0 0 0 0 0 0 0 0 0 0 0 0 0 0 0 0 0
0 0 0 0 0 0 0 0 0 0 0 0 0 0 0 0 0 0 0 0 0 0 0 0 0 0 0 0 0 0 0 0 0 0 0 0 0 0 0 0 0 0 0 0 0 0 0 0 0 0 0 0 0 0 0 0 0 0 14.5476903916057 6.84400651150124 7.92972796209876 16.8114560021362 2.32449631067063 2.99733240588199 7.3593544378718 0 0 0 0 0 0 0 0 0 0 0 0 0 0 0
0 0 0 0 0 0 0 0 0 0 0 0 0 0 0 0 0 0 0 0 0 0 0 0 0 0 0 0 5.57002180316247 0 0 0 0 0 0 0 0 2.34875181720322 0 0 0 0 0 0 3.28839263287113 0 0 0 0 0 0 0 0 0 0 0 0 0 0 0 0 0 0 0 0 0 0 0 0 0 0 0 0 0 0 0 0 0 0 0
0 0 0 0 0 0 0 0 0 0 0 0 0 0 0 0 0 0 0 0 0 0 0 0 0 0 0 0 0 0 6.26801321557105 0 0 0 0 0 0 0 0 0 10.5490972803373 0 0 0 25.1201192379019 0 0 11.710045815595 0 0 0 0 0 0 0 0 0 0 0 0 0 0 0 0 0 0 0 0 0 0 0 0 0 0 0 0 0 0 0 0
0 0 0 0 0 0 0 0 0 0 0 0 0 6.20495067563927 0 0 9.47165074131437 9.36773593039668 0 0 8.58399580492836 14.5013160554236 0 7.35845980697737 0 0 0 1.67034993221303 0 0 0 0 0 0 2.55177340297993 0 0 0 0 0 0 3.89405438447381 0 0 0 0 0 2.9617412619382 0 0 0 8.01013636474329 7.93086286810454 0 0 0 0 0 0 0 0 0 0 0 0 0 0 0 0 0 0 0 0 0 0 0 0 0 0 0
0 0 0 0 0 0 0 0 0 0 0 0 0 0 0 0 0 0 0 0 0 0 0 0 0 0 0 0 0 0 0 0 0 0 0 0 0 0 0 0 0 0 4.46005700166667 0 0 0 0 14.7095421618671 0 0 0 0 0 0 0 0 0 0 0 0 0 0 0 0 0 0 0 0 0 0 0 0 0 0 0 0 0 0 0 0
0 0 0 0 0 0 0 0 0 0 0 0 0 0 0 0 0 0 0 0 0 0 0 0 0 0 0 0 0 0 0 0 0 0 0 0 0 0 0 0 0 0 0 0 0 0 0 8.90974773615834 0 0 0 0 0 0 0 0 0 0 0 0 0 0 0 0 0 0 0 0 0 0 3.88006996520762 0 0 0 0 0 0 0 4.38686910016785 0
0 0 0 0 0 0 0 0 0 0 0 0 0 0 0 0 0 0 0 0 0 0 0 0 0 0 0 0 0 0 0 0 0 0 0 0 0 0 0 0 6.00497261509179 0 0 0 15.1273192988325 0 0 0 0 11.3723065312654 0 0 0 0 0 0 0 0 0 0 0 0 0 3.95784111653266 0 0 0 5.20572845889376 0 0 0 0 0 0 0 0 3.86919985682359 0 0 0
0 0 0 0 0 0 0 0 0 0 0 0 0 0 0 0 0 0 3.920099461873 0 0 0 0 0 0 0 0 0 0 0 0 0 0 0 0 0 0 0 0 0 0 0 0 24.2983728151188 24.0659295883093 0 6.07209922746264 2.03454009993034 0 0 0 0 0 0 0 0 0 0 0 0 0 0 0 0 0 0 0 0 0 0 0 0 0 0 0 0 0 0 0 0
0 0 0 0 0 0 0 0 0 0 0 0 0 0 0 0 0 0 0 0 0 0 0 0 0 0 0 0 0 0 0 0 6.17063980084555 0 0 0 0 0 0 0 3.00703351151905 0 0 0 0 21.1271648538288 0 8.57580517426753 0 0 0 0 0 0 0 0 0 0 0 0 0 0 0 0 0 0 0 0 0 0 0 0 0 0 0 0 0 0 0 0
0 0 0 0 0 0 0 0 0 0 0 0 0 0 0 0 0 0 0 0 0 0 0 3.63251372292685 0 0 0 0 0 0 0 0 0 0 0 0 0 0 0 0 0 0 0 0 0 0 0 0 0 0 0 0 0 0 0 0 0 0 0 0 0 0 0 0 0 0 0 0 0 0 0 0 0 0 0 0 0 0 0 0
0 0 0 3.23055037672181 0 0 0 0 0 0 0 0 0 0 0 0 0 0 0 0 0 0 0 0 0 0 0 0 0 0 0 0 0 0 0 0 0 0 0 0 0 0 0 0 5.20604381007636 11.1537867248761 0 0 0 0 0 0 0 0 0 0 0 0 0 0 0 0 0 0 0 0 0 0 0 0 0 0 0 0 0 0 0 0 0 0
0 0 0 0 0 0 0 0 0 0 0 0 0 0 0 23.8189646692482 0 0 13.9273265021143 0 11.1474303171086 0 8.55621785404595 21.7224158785642 0 0 0 0 0 0 0 0 0 0 0 0 0 0 0 0 0 0 0 0 0 0 0 0 0 0 11.477830930058 0 7.42890061250457 0 0 8.35685703458068 0 0 0 0 0 0 0 0 0 0 0 0 2.83398387528934 0 0 0 0 0 4.34296749918484 0 0 0 0 0
0 0 0 0 0 0 0 0 0 0 0 0 0 0 0 0 0 0 0 0 0 0 0 0 0 0 0 0 0 3.01601948636337 0 0 0 0 0 0 5.21770867821234 0 0 0 0 0 0 0 0 0 0 0 0 0 0 0 0 0 0 0 0 0 0 0 8.93095119826363 0 8.38470084749126 23.2542227507828 0 0 0 0 0 0 0 0 0 0 0 0 0 0 0 0
0 0 0 0 0 0 0 0 0 0 0 0 0 0 0 0 0 0 0 0 0 0 0 0 0 0 0 0 0 0 0 0 0 0 0 0 0 0 0 0 0 0 0 0 10.8526941494739 8.96105617727314 0 9.63457194329746 13.3357433196452 0 0 0 0 0 0 0 0 0 0 0 0 0 0 0 0 0 0 0 0 0 0 0 0 0 0 0 0 0 0 0
0 0 0 0 0 0 0 0 0 0 0 0 0 0 0 0 0 0 0 0 0 0 0 0 2.31781817597684 0 0 0 0 0 0 0 0 0 0 0 0 0 0 0 7.19283572430607 0 0 0 0 0 0 0 0 0 0 0 0 0 0 0 0 0 0 0 0 0 0 0 0 0 0 0 0 0 0 2.71672544836462 0 0 0 0 0 0 0 0
0 0 0 0 0 0 0 0 0 0 0 0 0 0 0 0 0 0 0 0 0 0 0 0 0 0 0 0 0 0 0 0 0 0 0 0 0 0 0 0 0 5.0924014856926 0 0 0 10.4053094432187 10.1014219512892 5.43126803273298 0 0 0 0 0 0 0 0 0 0 0 0 0 0 0 0 0 0 0 0 0 0 0 0 0 0 0 0 0 0 0 0
0 0 0 0 0 0 0 0 0 0 0 0 0 0 0 0 0 0 12.1888256630835 5.31755078603634 0 6.12447624703692 11.3537498759869 0 0 0 0 0 0 0 0 0 0 0 0 0 0 0 0 0 0 0 0 0 9.67601638791014 0 0 0 0 0 0 0 0 5.31157198231233 0 0 0 3.92023646457362 0 0 0 0 0 0 0 0 0 0 0 0 0 0 0 0 0 0 0 0 0 0
0 0 0 0 0 0 0 0 0 0 0 0 0 0 0 0 0 0 0 0 0 0 0 0 0 0 0 3.36304763137515 0 0 0 0 0 0 0 0 0 0 0 0 0 0 0 0 0 0 0 0 0 0 0 4.0428647192163 0 0 0 0 8.96131472862418 0 0 6.37141210136076 0 11.3346018037834 0 24.6312576071035 2.83116115032698 0 0 0 0 0 0 0 0 0 0 0 0 0 0 0
0 0 0 0 0 0 0 0 0 0 0 0 0 0 0 0 0 0 0 0 19.9128464534978 0 25.498964758644 2.69521380249977 0 0 0 0 0 0 0 0 0 0 0 0 0 0 0 0 0 0 0 0 0 0 0 0 0 0 0 0 11.0201744595547 0 0 0 0 0 0 0 0 0 0 0 0 0 0 0 0 0 0 0 0 0 0 0 0 0 0 0
0 0 0 0 0 0 0 0 0 0 0 0 0 0 0 0 0 0 19.7486132617533 6.84918853359839 11.7932471074988 0 11.1901466511571 0 0 0 0 0 0 0 0 0 0 0 0 0 0 6.69518293447227 0 0 0 0 0 0 0 0 0 0 0 0 10.2588089099946 7.38025207078286 7.65576345118217 0 0 0 0 0 0 0 0 0 0 0 0 0 0 0 0 0 0 0 0 0 0 0 0 4.55135351408133 0 0
0 0 0 0 0 0 0 0 0 0 0 0 0 0 0 0 0 0 0 0 0 0 0 0 0 0 0 0 0 0 0 0 0 0 0 0 0 0 0 0 0 0 0 4.84692922297851 0 24.8237189049798 0 0 0 0 0 0 0 0 0 0 0 0 0 0 0 0 0 0 0 0 0 0 0 0 0 0 0 0 0 0 0 0 0 0
0 0 0 0 0 0 0 0 0 0 0 0 0 0 0 0 0 0 0 0 0 0 0 0 0 0 0 4.62273837145682 0 0 0 0 0 0 0 0 0 0 0 0 13.2495726570572 0 0 0 0 9.07144764325073 0 12.0501548854887 0 0 0 0 0 0 0 0 0 3.50355466520899 0 0 0 0 0 0 0 0 0 0 0 0 0 0 0 0 0 0 0 0 0 0
0 0 0 0 0 0 0 0 0 0 0 0 0 0 0 0 0 0 0 0 0 0 0 0 0 0 0 0 0 3.4547722847659 0 0 0 0 0 0 0 0 0 0 0 0 0 0 0 0 0 0 0 8.58985191985708 0 0 0 0 0 0 0 0 3.97539339829144 0 0 0 0 0 0 2.86471724068391 0 0 0 0 0 0 0 0 0 0 0 0 0 0
0 0 0 0 0 0 0 0 0 0 0 0 0 0 0 0 0 0 0 0 0 0 0 0 0 0 0 0 0 0 0 0 0 0 0 0 0 0 0 0 0 4.3320533712603 0 0 12.569713723489 0 15.2079742095754 0 0 0 0 0 0 0 0 0 0 0 0 0 0 0 0 2.35271326171128 0 0 0 0 0 0 0 0 0 0 0 0 0 0 0 0
0 0 0 0 0 0 0 0 3.37063523079126 0 0 0 0 0 0 0 0 0 0 0 0 0 0 0 0 0 0 0 0 0 0 0 0 0 0 0 0 0 5.84824932414144 0 0 0 0 0 11.6653077699799 6.66530038788322 7.81910874862551 0 0 0 0 0 0 0 0 0 0 0 0 0 0 0 0 0 0 0 0 0 0 0 0 0 0 0 0 0 0 0 0 0
0 0 0 0 0 0 0 0 0 0 5.15963015668426 0 0 0 0 0 0 0 0 0 0 0 0 0 0 0 0 0 0 0 0 0 0 0 0 0 0 0 0 0 0 0 0 0 0 13.4274451515455 10.8966926785417 0 0 0 0 0 0 0 0 0 0 0 0 0 0 0 0 0 0 0 0 0 0 0 0 0 0 0 0 0 0 0 0 0
0 0 0 0 0 0 0 0 0 0 0 0 0 0 0 0 0 0 0 0 0 0 0 0 0 0 0 0 0 0 0 0 0 0 0 0 0 0 0 0 0 0 0 5.78845620903663 0 7.44456066772433 8.45577778898884 4.24562463290325 0 0 0 0 0 0 0 0 0 0 0 0 0 0 0 0 0 0 0 0 0 0 0 0 0 0 0 0 0 0 0 0
0 0 0 0 0 0 0 0 0 0 0 0 0 0 0 0 0 0 0 0 0 0 0 3.42793976995578 0 0 0 0 0 0 0 0 0 0 0 0 0 4.62954510466814 0 0 0 11.2693490631739 8.06252497785296 0 0 8.5835387270769 0 4.98677449444752 9.33770705830518 0 0 0 0 0 0 0 0 0 2.12198642733212 0 0 0 0 0 0 0 0 0 0 0 0 0 0 0 0 0 0 0 0 0
0 0 0 0 0 0 0 0 0 0 0 0 0 0 0 0 0 0 0 0 0 0 0 0 0 0 3.77033740422767 0 0 0 0 0 3.64561941237438 0 0 0 0 0 0 0 6.54200913042296 0 0 0 0 0 11.3520760422084 0 11.3560164929676 0 0 0 0 0 0 0 0 0 0 0 0 0 0 0 0 0 0 0 0 0 0 0 0 0 0 0 0 0 0 0
0 0 0 0 0 0 0 0 0 0 0 0 0 0 0 0 0 0 0 0 0 0 0 0 0 0 0 0 0 0 0 0 0 0 0 0 0 0 0 0 0 0 0 0 0 0 0 0 0 0 0 3.92728728454706 0 0 0 0 0 10.7169496862774 0 13.5658948370438 8.27161447604288 0 11.3557401762492 5.58888943110723 0 0 0 0 0 0 0 0 0 0 0 0 0 0 0 0
0 0 0 0 0 0 0 0 3.29481003097305 0 0 0 0 0 0 0 0 0 0 0 0 0 0 0 0 0 0 0 0 0 0 0 0 0 0 0 0 0 0 0 0 0 0 0 0 0 0 0 0 0 0 0 0 0 0 0 0 0 0 0 0 13.70662534164 0 6.16646022952283 0 0 0 0 1.68509833958404 0 0 0 0 0 0 0 0 0 0 0
0 0 0 0 0 0 0 0 0 0 0 0 0 0 0 0 0 0 0 0 0 0 0 0 0 0 0 0 0 0 0 0 0 0 0 0 0 0 0 0 0 0 0 0 0 0 0 20.6912903046728 0 0 0 0 0 0 0 0 0 0 0 0 0 0 0 2.37997470865348 0 0 0 0 0 0 0 0 0 0 0 2.91798317393995 0 0 0 0
0 0 0 0 0 0 0 2.45275898934883 0 0 0 0 0 0 0 0 0 0 0 0 0 0 0 0 0 3.00984196524706 0 0 0 0 0 0 0 0 0 0 0 4.35100282215548 0 0 0 0 0 0 0 13.5219433914239 0 0 0 0 0 0 0 0 0 0 0 0 0 0 0 0 0 0 0 0 0 0 0 0 0 0 0 0 0 0 0 0 0 0
0 0 0 0 0 4.97358446716803 0 0 0 0 0 0 0 0 0 0 0 0 0 0 0 0 0 0 0 0 0 0 0 0 0 0 0 0 0 0 0 0 0 0 5.82535149453754 0 10.0555113067066 16.1452794318097 7.28914417090232 0 4.52664602256682 0 0 0 0 0 0 0 0 0 0 0 0 0 0 0 0 0 0 0 0 0 0 0 0 0 0 0 0 0 0 0 0 0
0 0 0 0 0 0 0 0 0 0 2.5022991322883 0 0 0 0 0 0 0 0 0 2.7894918231357 0 0 0 0 0 0 0 0 0 0 0 0 0 0 0 0 0 0 0 0 0 12.373931284206 0 0 7.07982857921118 0 0 0 0 0 0 0 0 0 0 0 0 0 0 0 3.22235585710514 0 0 0 0 0 0 0 0 0 0 2.77476620982377 0 0 0 0 0 0 0
0 0 0 0 0 0 0 0 0 0 0 0 0 0 0 0 0 0 0 0 0 0 0 0 0 0 0 0 0 0 0 0 0 0 0 0 0 0 0 0 0 0 0 0 6.9898515231446 8.99195386977863 0 11.8807095242106 0 0 0 0 0 0 0 0 0 0 0 0 0 0 0 0 0 0 0 0 0 0 0 0 0 0 0 0 0 0 0 0
0 0 0 0 0 0 0 0 0 0 0 0 0 0 0 0 0 0 0 0 0 0 0 0 0 0 0 0 0 0 0 0 0 0 0 0 0 0 0 0 0 0 0 0 0 0 9.17352272173967 0 0 0 0 0 0 0 0 0 0 0 0 0 0 0 0 0 0 0 0 0 0 0 0 0 0 0 0 0 0 0 0 0
0 0 0 0 0 0 0 0 0 0 0 0 0 0 0 0 0 0 0 0 0 0 0 0 0 0 3.90052260757961 0 0 0 0 0 0 0 0 0 0 0 0 0 0 5.55575822350307 0 0 10.5548188517326 0 2.76614677861374 0 0 0 0 0 0 0 0 0 0 0 0 0 0 0 0 0 0 0 0 0 0 0 0 0 0 0 0 0 0 0 0 0
0 0 0 0 0 0 0 0 0 0 0 0 0 0 0 0 0 0 0 0 0 3.31935630175606 0 0 0 0 0 0 0 0 0 0 0 0 0 0 0 0 5.42447934604966 0 0 0 0 0 0 0 0 0 0 0 0 0 0 0 0 0 0 0 0 13.0140299405586 7.18671440775476 9.10578894423073 0 0 0 0 0 0 0 0 0 0 0 0 0 0 0 0 0 0
0 0 0 0 0 0 0 0 0 0 0 0 0 0 0 0 0 0 0 0 0 0 0 0 0 0 0 0 0 0 0 0 0 0 0 0 0 3.9039420017146 0 0 0 0 0 0 0 0 2.67283552785537 0 0 0 0 0 0 0 0 0 0 0 0 8.8239440862888 0 12.7664221697389 0 9.56334801851958 0 0 0 0 0 0 0 0 0 0 2.71437256060262 0 0 0 0 0
0 0 0 0 0 0 0 0 0 0 0 0 0 0 4.91181789493641 0 0 0 11.1311178481493 0 9.57221672848875 6.65898804780805 8.83548913673564 9.09105728431496 0 0 0 0 0 0 0 0 0 0 0 0 0 0 0 0 0 0 0 0 0 0 0 0 0 0 0 0 9.3064452284343 0 0 0 0 0 0 0 0 0 4.29655577904635 0 0 0 0 0 0 0 0 0 0 0 0 0 0 0 0 0
0 0 0 0 0 0 0 0 0 0 0 0 0 0 0 0 0 0 0 0 0 0 0 0 0 4.60446770687328 0 0 0 0 0 0 0 0 0 0 0 0 0 0 0 0 0 2.90763139375733 0 0 0 0 0 0 0 0 0 0 0 0 0 0 0 21.271446747188 0 8.43893775112204 0 0 0 0 0 0 0 0 0 0 0 0 0 0 3.2807665554521 0 0 0
0 0 0 0 0 0 0 0 0 0 0 0 0 0 0 0 0 0 0 0 0 0 0 0 0 0 0 0 0 0 0 0 0 0 0 0 0 0 0 0 0 0 0 0 0 0 0 0 0 0 0 0 0 0 0 0 0 0 8.36287311975591 0 11.9614760300389 0 0 10.5729313804154 0 0 0 0 0 0 0 0 0 0 0 0 0 0 0 0
0 0 0 0 0 0 0 0 0 0 0 0 0 0 0 0 0 0 0 0 0 0 0 0 0 0 0 0 0 0 0 2.83557586684466 0 0 0 0 0 0 0 0 0 0 0 0 0 0 0 0 0 0 0 0 0 0 0 0 0 8.30331231927586 0 9.64510424049333 0 8.35319086182616 0 8.97296374519794 0 0 0 0 0 0 0 0 0 0 0 0 0 0 0 0
0 0 0 0 0 0 5.13049162722608 0 0 0 0 0 0 0 14.7671838479877 0 0 0 0 7.64783077171611 0 11.9179958812414 0 0 6.26092413234477 0 0 0 0 0 0 0 0 0 0 0 0 0 0 0 0 0 0 0 0 0 0 0 0 8.78545759206611 9.20753831088803 24.479811372563 0 0 0 0 0 0 0 0 0 0 0 0 0 0 0 0 0 0 0 0 0 0 0 0 0 0 0 0
0 0 0 0 0 0 0 0 0 0 0 0 0 0 0 0 0 0 0 0 0 0 0 0 0 0 0 0 0 0 0 0 0 0 0 0 0 0 0 0 0 0 0 0 0 0 0 0 0 0 0 0 0 0 0 0 0 0 7.9938742262351 0 6.59325690300979 6.0602639792861 10.3309556459759 0 17.3867083089715 0 0 0 0 0 0 0 0 0 0 0 0 0 0 0
0 0 0 0 0 0 0 3.39228946559048 0 0 0 0 0 0 0 0 0 0 0 0 0 0 0 0 0 0 0 0 0 0 0 0 0 0 0 0 0 0 0 0 0 3.81282077656535 0 0 0 0 0 0 0 0 0 0 0 0 0 0 0 0 7.62219837124504 9.29777947977078 22.4197139111398 9.02294076042894 4.53755362410261 0 0 0 0 0 0 0 0 0 0 0 0 0 0 0 0 0
0 0 0 0 0 0 0 0 0 0 0 0 0 0 0 0 0 0 0 0 0 0 0 0 0 0 0 0 0 0 0 0 0 0 0 0 0 0 0 10.3697243170639 0 0 0 0 0 13.0459245903748 3.58817178737546 0 0 0 0 0 0 0 0 0 0 4.56842405581942 0 0 0 0 0 0 3.46912866777546 0 0 0 0 0 0 0 3.83723654238597 0 0 0 0 0 0 0
0 0 0 0 0 0 0 0 0 0 0 4.82517148203564 0 0 0 0 0 0 0 0 0 0 0 0 0 0 0 0 0 0 0 0 0 0 0 0 0 0 0 0 0 0 0 0 0 0 0 0 0 0 0 0 0 0 0 0 0 0 6.72374428187535 13.6675148993225 6.57612159004019 11.0567302246661 4.9288655042871 0 7.90457259652384 0 0 0 0 0 0 0 0 0 0 0 0 0 0 0
0 0 0 0 3.50388418703597 0 0 0 0 0 0 0 0 0 0 0 0 0 0 0 0 0 0 0 0 0 0 0 0 0 0 0 0 0 0 0 0 0 0 0 0 0 0 0 0 9.96973827716101 23.2995712996521 0 0 0 0 0 0 0 0 0 0 0 0 0 0 0 0 0 0 0 0 0 0 0 0 0 0 0 0 0 0 0 0 0
0 0 0 0 0 0 0 0 0 0 0 0 0 0 0 0 0 0 0 0 0 0 4.44907641375728 0 0 0 0 0 0 0 0 2.38992928415401 0 0 0 0 0 0 0 0 0 0 0 0 0 0 0 0 0 0 0 0 0 0 0 0 0 7.2252925308482 0 7.77333834044783 6.12796650147332 19.3602903336363 8.19370143665166 2.2263695513499 0 0 0 0 0 0 0 0 0 0 0 0 0 0 0 0
0 0 0 0 0 0 0 0 0 0 0 0 0 0 0 0 0 0 0 0 0 0 0 0 0 0 0 0 0 0 0 0 0 0 0 0 0 0 0 0 0 0 0 0 0 0 0 0 0 0 0 0 0 0 0 0 0 8.79592708990272 0 0 9.32254868137127 0 11.0150359789991 0 0 11.7400423979149 0 0 0 0 0 0 0 0 0 0 0 0 0 0
0 0 0 0 0 0 0 0 0 0 0 0 0 0 0 0 0 0 0 0 0 0 0 0 0 0 0 0 0 0 0 0 0 0 0 0 0 0 0 0 0 0 0 0 0 0 0 0 0 0 0 0 0 0 0 0 0 0 10.0465954391529 27.1432864863589 0 9.07687386524061 2.42528529920792 4.38673923709269 0 0 0 0 0 0 0 0 0 0 0 0 0 0 0 0
0 0 0 0 0 0 0 0 0 0 0 0 0 0 0 0 0 0 0 0 0 0 0 0 0 0 0 0 0 0 0 0 0 0 0 0 0 0 0 0 0 0 3.3894946113203 0 0 27.2648768221693 7.40155105624056 8.84165952235563 8.80957866459604 0 0 0 0 0 0 0 0 0 2.81409915385198 0 0 0 0 0 0 0 0 0 0 0 0 0 0 0 0 0 0 0 0 0
0 0 0 0 0 0 0 0 0 0 0 0 0 0 0 0 0 0 6.74121401359168 0 15.5673873803641 0 8.55676277649682 9.5323868084933 0 0 0 0 0 0 0 2.12663467396058 0 0 0 0 0 0 0 0 0 0 0 0 0 0 0 0 0 7.88703739829779 4.3553877768717 0 0 0 0 0 0 0 0 0 0 0 0 0 0 0 0 0 0 0 0 0 0 0 0 0 0 0 0 0
0 0 0 0 0 0 0 0 0 0 0 0 0 0 0 0 0 0 0 0 0 0 0 0 0 0 0 0 0 0 0 0 0 0 0 0 0 0 0 0 0 0 0 0 0 0 0 0 0 0 0 0 0 0 0 0 0 0 0 0 7.24285092549544 22.7071427390335 3.6049266763716 20.3918818757344 0 0 0 0 0 0 0 0 0 0 0 0 0 0 0 0
0 0 0 0 0 0 0 0 0 0 0 0 0 0 0 0 8.73378501697985 9.78542837305949 11.2097384458724 0 5.07599592716802 22.1326378240191 2.38101153835909 21.4352999657941 0 0 0 0 0 0 0 0 0 0 0 0 0 0 0 0 0 0 0 0 0 0 0 0 0 0 7.39582987638238 8.82313289247285 10.164251396216 0 0 0 0 0 0 0 0 0 0 0 0 0 0 0 0 0 0 0 0 0 0 0 0 0 0 0
0 0 0 0 0 0 0 0 0 0 0 0 0 0 0 0 0 9.93524595919474 0 6.84918079903453 9.0000130819251 8.14725293833884 5.51150000757214 0 0 0 0 0 0 0 0 0 0 0 0 0 0 0 0 0 0 0 0 0 0 0 0 0 0 0 8.69610087440477 0 4.18593601412641 0 0 0 0 0 0 0 0 0 0 0 3.5769729679666 0 0 0 0 0 0 0 0 0 0 0 0 0 0 0
0 0 0 0 0 0 0 0 0 0 0 0 0 0 0 0 0 0 6.39280796485238 0 0 0 0 0 0 0 0 0 0 0 0 0 0 0 0 0 0 0 0 0 0 0 0 0 0 0 0 0 0 0 0 0 0 0 0 0 0 0 6.7932682616434 25.232943482533 0 0 0 0 0 0 0 0 0 0 0 0 0 0 0 4.75790344443193 0 0 0 0
0 0 0 0 0 0 0 0 4.34692200391637 0 0 0 0 0 0 0 0 0 0 0 0 0 0 0 0 0 0 0 0 0 0 0 0 0 0 0 0 0 0 0 0 0 0 0 0 0 0 0 0 0 0 0 0 0 0 0 0 0 0 16.389030441124 0 23.3273396131853 6.69281884343551 4.08078915859461 0 0 0 0 0 0 0 0 0 0 0 0 0 0 0 0
0 0 0 0 0 0 0 0 0 0 0 0 0 0 0 0 0 0 0 0 0 0 0 0 0 0 0 0 0 0 0 0 0 0 0 0 0 0 0 0 0 0 0 0 0 0 0 0 0 0 0 0 0 4.1979202361858 0 0 0 7.77885160486823 0 0 7.67182250555751 11.7004997676067 19.4779747062771 0 0 0 0 0 0 0 0 0 0 0 0 0 0 0 0 0
0 0 0 0 0 0 0 0 0 0 0 0 0 0 0 5.14640953281831 0 0 0 0 0 0 0 0 0 0 0 0 0 0 0 0 0 0 0 0 0 0 0 0 0 0 3.38496079931178 0 0 0 0 0 0 0 0 0 0 0 0 0 0 0 0 8.55392491678861 5.71345287048922 0 12.6628634589849 7.32000671862045 0 0 0 0 0 1.38401401686813 0 0 0 0 0 0 0 0 0 0
0 0 0 0 0 0 0 0 0 0 0 0 0 0 0 0 0 0 0 0 0 0 0 0 0 0 0 0 0 0 0 0 0 0 0 0 0 0 0 0 0 0 0 0 0 0 0 0 0 0 0 0 0 0 0 0 0 0 0 0 25.6440026718319 6.00789884595399 4.56414507175072 0 5.8006722596065 0 0 0 0 0 0 0 0 0 0 0 0 0 0 0
0 0 0 0 0 0 0 0 0 0 0 0 0 0 0 0 0 0 0 0 0 0 0 0 0 0 0 0 0 0 0 0 0 0 0 0 0 0 3.96284745809365 0 0 0 0 0 0 0 0 0 0 0 0 0 0 0 0 0 0 0 0 0 14.6676337360961 16.5459440450934 0 0 8.55297239937162 0 0 0 0 0 0 0 0 0 0 0 0 0 0 0
0 0 0 0 0 0 0 0 0 0 0 0 0 0 0 0 0 0 0 0 0 0 0 0 0 0 0 0 0 0 0 0 0 0 0 0 0 3.10274354963484 0 0 0 0 0 0 0 0 0 0 0 0 0 0 0 0 0 0 0 0 8.65157346276769 8.97652915116429 14.3323438095562 0 24.5232971235318 0 0 0 0 0 0 0 0 0 0 0 0 0 0 0 0 0
0 0 0 0 0 0 0 0 0 0 0 0 0 0 0 0 0 0 0 0 0 0 0 0 0 0 0 0 0 0 0 0 0 0 0 0 0 0 0 0 0 0 0 0 0 0 0 0 0 0 0 0 0 0 0 0 3.48634649898795 0 0 0 5.97742495081515 7.3508526834551 9.77259393684087 12.0629930917006 0 0 0 0 0 1.76314410592314 0 0 0 0 0 0 0 0 0 0
0 0 0 0 0 0 0 0 0 0 0 0 0 0 0 0 5.10682349828223 0 0 20.5199850048611 6.19618078695338 0 1.91612542859326 0 0 0 0 0 0 0 0 0 0 0 0 0 0 0 0 0 0 0 0 0 0 0 0 0 0 8.31764380395365 0 5.59808118381837 10.9631611143839 0 0 0 0 0 0 0 0 0 0 0 0 0 0 0 0 0 0 0 0 0 0 0 0 0 0 0
0 0 0 0 0 0 0 0 0 0 0 3.51517698841753 0 0 0 0 0 0 0 0 0 0 0 0 0 0 0 0 0 0 0 0 0 0 0 0 0 0 0 0 0 0 0 0 0 0 0 0 0 0 0 0 3.08083880846376 0 0 0 0 0 23.0301767726742 6.77689233758811 9.47792786280334 0 12.5762992762548 0 0 0 0 0 0 0 0 0 0 0 0 0 0 0 0 0
0 0 0 0 0 0 0 0 0 0 0 0 0 0 0 0 9.54677800497705 0 0 10.6559730990246 7.85580027642653 5.22370996597922 8.72670787857285 20.5643709000099 0 0 0 0 0 0 0 0 0 0 0 0 0 0 0 0 0 0 0 0 0 0 0 0 3.86948185633837 0 0 8.37632986211485 27.0762646660639 0 0 0 0 0 0 0 0 0 0 0 0 0 0 0 0 0 0 0 3.83382111701628 0 0 0 3.53122363769727 0 0 0
0 0 0 0 0 0 0 0 0 0 0 0 0 0 0 0 0 0 0 0 0 0 0 0 0 0 0 0 0 0 3.57266691270022 0 0 0 0 0 0 0 3.63673895300761 0 0 0 0 0 0 0 0 0 0 0 0 0 0 0 0 0 0 0 0 0 13.7334658656298 0 8.08849532533034 7.78627769604791 0 0 0 0 0 0 0 0 0 0 0 0 0 0 0 0
0 0 0 0 0 0 0 0 3.36400777337058 0 0 0 0 0 0 0 0 0 0 0 0 0 0 0 0 0 0 0 0 0 0 0 0 0 0 0 0 0 0 0 0 0 0 0 0 4.00536702214425 0 6.34431558483137 0 0 0 0 0 0 0 0 0 0 1.94641696147794 0 0 0 0 0 0 0 0 0 0 0 0 0 0 0 0 0 0 0 0 0
