0 0 0 0 0 0 0 0 0 0 0 0 0 0 0 29.7222589868209 0 0 0 0 0 5.03942744010405 0 0 0 0 0 0 0 0 0 2.62538349717804 0 0 0 0 0 0 0 0 0 0 0 0 0 0 0 0 11.7264943589369 0 13.4716983047445 0 7.01591931151534 0 0 0 0 0 0 2.55631350046129 0 0 0 0 0 0 0 0 0 0 0 0 0 0 0 0 0 0 0 0
0 0 0 0 0 0 0 0 0 0 0 0 0 0 10.3008902476133 12.97482579551 0 12.4234583420701 0 8.37927344680513 6.64434107210054 0 6.88758614781742 0 0 0 0 0 0 0 0 0 0 0 0 0 0 0 0 0 0 0 0 0 0 0 0 11.2226661662163 6.62816309861445 0 0 6.66123651357454 0 7.13485670356738 0 0 0 0 0 0 0 0 0 0 0 0 0 0 0 0 0 0 0 0 0 0 0 6.13220356491307 0 0
0 0 0 0 0 0 0 0 0 0 0 0 0 0 0 0 29.4129268464479 0 14.9142813242376 0 4.34099308955102 10.4157611002398 1.89791830236563 0 0 0 0 0 0 0 0 0 0 0 0 0 0 0 0 0 0 0 0 0 0 0 0 9.74092624717746 13.5375408472167 0 0 6.4325873981977 0 16.3512324527761 0 0 0 0 0 0 0 0 0 0 0 0 0 0 0 0 0 0 0 0 0 0 0 0 0 0
0 0 0 0 0 0 0 0 0 0 0 0 0 0 0 0 0 0 0 0 0 0 0 0 0 0 0 0 0 2.7448435906252 0 0 0 0 0 0 0 0 0 0 5.76766925775705 0 0 13.9615000455706 5.5310892449099 9.62179121651358 6.70164956126193 0 0 0 0 0 0 0 0 0 0 0 0 0 0 0 0 0 0 0 0 0 0 0 0 4.15002417289043 0 0 0 0 0 0 0 0
0 0 0 0 0 0 0 0 0 0 0 0 0 0 7.77591748463909 0 0 7.67837307382839 0 13.5482236139043 10.7190943551954 0 0 5.50773452240553 0 0 0 0 0 0 0 0 0 0 0 0 0 0 0 0 0 0 0 0 0 0 0 0 6.26828842002764 7.76370523265682 11.0106675899689 0 21.9881045896145 4.31630675343665 0 0 0 0 0 0 0 0 0 0 0 0 0 0 4.69042349388156 0 0 0 0 0 0 0 0 0 0 0
0 0 0 0 0 0 0 0 0 0 0 0 0 0 0 20.6293577362002 0 10.1454181453248 7.02179877954856 11.574050789069 4.17680111598052 20.4495437125651 0 0 0 0 0 0 0 0 0 0 0 0 0 0 0 0 0 0 0 0 0 0 0 0 0 0 0 18.3172246397574 8.41627645710409 0 7.85394603300321 3.18571231751289 0 0 0 0 0 0 0 0 0 0 0 0 0 0 0 0 0 0 0 0 0 0 0 0 0 0
0 0 0 0 0 0 0 0 0 0 0 0 0 0 0 15.0917182480938 0 7.732269434387 0 0 13.9112923778478 4.57285350943613 0 0 9.78096597619297 0 0 0 0 0 0 0 0 0 0 0 0 0 0 0 0 0 0 0 0 0 0 0 9.7561461421631 6.76720825471908 13.3372603911789 4.62225589198008 3.34472964610552 0 0 0 0 0 0 0 0 0 0 0 0 0 0 0 0 0 0 0 0 0 0 0 0 0 0 0
0 0 0 0 0 0 0 0 0 0 0 0 0 0 0 5.94906232211235 0 5.94936664405567 0 0 0 8.0518902707097 0 0 0 0 0 0 0 0 0 0 0 0 0 0 0 0 0 0 0 0 0 0 0 0 0 7.92499898770897 7.37923839856514 21.7213992723276 9.62838961589498 20.8936385254003 7.9332763421597 0 0 0 0 0 0 0 0 0 0 0 0 0 0 0 0 0 0 0 0 0 0 0 0 0 0 0
0 0 0 3.58809053094613 0 0 0 0 0 0 0 0 0 12.6020359184593 0 11.3001438823805 0 20.7819950758469 0 12.1307304617193 0 0 0 0 0 0 0 0 0 0 0 0 0 0 0 0 0 0 0 0 0 0 0 0 0 23.2160322342222 0 0 8.34182652290396 0 11.1508221944124 0 20.1248450027603 0 0 0 0 0 0 0 0 0 0 0 0 0 0 0 0 0 0 0 0 0 0 0 0 0 0 0
0 0 0 0 0 0 0 0 0 0 0 0 0 0 0 7.45794212169485 0 28.4640403158888 7.41570738971192 0 9.62749217920371 6.60893718554928 9.68898716561932 0 0 0 0 0 0 0 1.93322520294873 0 0 0 0 0 0 0 0 0 0 0 0 0 0 0 0 6.56822360706003 25.6872820272779 3.93190990904858 5.64077159434296 5.66600138686817 0 0 0 0 0 0 0 0 0 0 0 0 0 2.28154710947478 0 0 0 0 4.5533728839987 0 0 0 0 0 0 0 0 0
0 0 0 0 0 0 0 0 0 0 0 0 0 0 0 0 0 14.4251698986095 11.8916379265223 0 10.3680341082547 0 0 0 0 0 0 0 0 0 0 0 0 0 0 0 0 0 0 0 0 0 0 0 0 0 13.304138715486 0 0 0 13.8878597117962 8.13211794148368 2.13105531407584 0 0 0 0 0 0 0 0 0 0 0 0 0 0 0 0 0 0 0 0 0 0 0 0 0 0 0
0 0 0 0 0 0 0 0 0 0 0 0 0 0 11.5192279523458 24.3883709262155 12.8869737616046 0 9.49986768442547 6.27266903201487 5.86839118868561 1.84092751145523 0 7.70463760171956 0 0 0 0 0 0 0 0 0 0 0 0 0 0 0 0 0 0 0 0 0 0 0 5.34309627470407 8.3316978090966 10.4834989838085 0 0 0 29.234648291446 0 0 0 0 0 0 0 0 0 0 0 0 0 0 0 0 0 0 0 0 0 0 0 0 0 0
0 0 0 0 0 0 0 0 0 0 0 0 0 0 0 6.68740009446969 15.509405135597 0 13.1674501444054 0 0 13.8425453280498 0 0 0 0 0 0 0 0 0 0 0 0 0 0 5.83830694088174 0 0 0 0 0 2.44634743782828 0 0 0 0 0 11.3260506973837 0 8.11629367209718 0 7.63999199214425 9.88380474064079 0 0 0 0 0 0 0 0 0 0 0 0 0 0 0 0 0 0 0 0 0 0 0 0 0 0
0 0 0 0 0 0 0 0 0 0 0 0 0 0 0 0 0 0 0 0 0 0 0 0 0 0 0 0 0 0 0 0 0 0 0 0 5.39971864457202 0 0 0 0 0 0 0 0 0 0 0 0 0 0 0 0 0 0 0 0 0 0 0 0 8.34407719415747 0 0 0 0 0 0 0 0 0 0 0 0 0 0 0 0 0 0
0 0 0 0 0 0 0 0 0 0 0 0 0 0 9.53433703828554 0 0 10.2683274159992 0 8.95303698018138 7.69411368334806 6.41028556523023 0 0 0 0 0 0 0 0 0 0 0 0 0 0 3.91744761983048 0 0 0 0 0 0 0 0 0 0 16.0942567544787 10.4211460207776 0 10.1537344462932 7.18105405313154 0 3.88033892494634 0 0 0 0 0 0 0 0 0 0 0 0 0 0 0 0 0 0 0 0 0 0 0 0 0 0
0 0 0 0 0 0 0 0 0 0 0 0 0 0 0 8.6486746524733 0 0 0 9.10015226477043 0 24.3831899378666 4.68199288345777 7.50665795757521 0 0 0 0 0 0 0 0 0 0 0 0 0 0 0 0 0 0 0 0 0 0 0 0 25.3173630238964 0 7.0606463501171 5.28523153407513 7.36286089185451 4.5942496819842 7.91390478155211 0 0 0 0 0 1.92307697557804 0 0 0 0 0 0 0 0 0 0 0 0 0 0 0 0 0 0 0
0 0 0 0 0 0 0 0 0 0 0 0 0 0 3.83696234074531 0 0 0 0 0 0 0 0 0 0 0 0 0 0 0 0 0 0 0 0 0 0 0 0 0 0 0 4.35178607940419 0 0 0 0 0 0 0 0 0 0 0 0 0 0 0 0 9.02553324966282 5.9776681788798 0 0 22.3680177820132 0 0 2.00089024269919 0 0 0 0 0 0 0 0 0 0 0 0 0
0 0 0 0 0 0 0 0 0 0 0 0 0 0 22.7065642955062 14.589627395999 0 0 8.94246177470941 0 10.0978009111413 0 4.60428970890074 0 0 0 0 0 0 0 0 0 0 0 0 0 0 0 0 0 0 0 0 0 0 0 0 23.5954470024805 0 5.04861396208928 0 10.5628713162108 6.26946435520106 5.16195874541145 0 0 0 0 0 0 0 0 0 0 0 0 0 0 0 0 0 0 0 0 0 4.18580001904455 0 0 0 0
0 0 0 0 0 0 0 0 0 0 0 0 0 0 0 26.5934382147609 11.7483443227639 0 0 0 11.28495120985 0 0 7.52497563552371 0 0 0 0 0 0 0 0 0 0 0 0 0 0 0 0 0 0 0 0 0 0 0 4.56857582841404 0 8.81886118140467 6.55326171483301 0 7.92762690362503 8.77279476587186 0 0 0 0 0 0 0 0 0 0 0 0 0 0 0 0 0 0 0 0 0 3.70336128158653 0 0 0 0
0 0 0 0 0 0 0 0 0 0 0 0 0 0 0 0 12.1530859947711 8.40484700133117 8.99673179809925 0 12.0265511245971 1.88761241897549 0 0 0 0 0 0 0 0 0 0 0 0 0 0 0 0 0 0 0 0 0 0 0 0 0 15.9079218066087 0 9.65982654399377 0 25.1753896683403 24.7440385259017 0 0 0 0 0 0 0 0 0 0 0 0 0 0 0 0 0 0 0 0 0 0 0 0 0 0 0
0 0 0 0 0 0 0 0 0 0 0 0 0 0 12.7486393733874 0 11.3765989189052 25.7418489921276 4.7700743892961 3.1288360198461 4.26169649572763 2.87748818811309 0 0 0 0 0.587786843880863 0 0 0 0 0 0 0 0 0 0 0 0 0 0 0 0 0 0 0 0 8.82565919711245 6.74323945953573 0 27.3316140247783 0 27.6033107590532 0 5.98024005625361 0 0 0 0 0 0 0 0 0 0 0 0 0 0 0 0 0 0 0 0 0 0 0 0 0
0 0 0 0 0 0 0 0 0 0 0 0 0 21.2284175061741 0 8.6392573239962 11.9992017122317 4.0575160550981 3.92487600756815 0 3.57894316913396 18.7908205646096 0 0 0 0 0 0 0 0 0 0 0 0 0 0 0 0 0 0 0 0 0 0 0 0 0 0 8.32609161261264 10.8903154483426 0 11.9442540596772 7.88509605408289 6.31936470271292 0 0 0 0 0 0 0 0 0 0 0 0 0 0 0 0 0 0 0 0 0 0 0 0 0 0
0 0 0 0 0 0 3.05820112706452 0 0 0 0 0 0 0 7.4085190950162 0 8.67755503782443 0 0 0 15.8827515196766 0 0 0 0 0 0 0 0 0 0 0 0 0 0 0 0 0 0 0 0 0 0 0 0 0 0 18.0183804828335 0 14.5986079540305 11.4812791577344 2.2373906156568 0 4.67782210950739 0 0 0 4.87875097841289 0 0 0 0 0 0 0 0 0 1.31965035436345 0 0 0 0 0 0 0 0 0 0 0 0
0 0 0 0 0 0 0 0 0 0 0 0 0 0 0 11.5136961672118 0 27.5565797298299 0 0 12.6416726210361 0 14.5269745059752 0 0 11.1590483779615 0 0 0 0 0 0 0 0 0 0 0 0 0 0 0 0 0 0 0 0 7.40927194538595 0 0 0 0 11.8764802000442 6.82444206464718 0 6.1049850519029 20.0304298376452 0 0 0 0 0 0 0 0 0 0 0 0 0 0 0 0 0 0 0 0 0 0 0 0
0 0 0 0 0 0 0 0 0 0 0 0 0 0 0 23.9726906642797 4.49832888253514 0 0 8.7617878948976 0 0 9.71741407241338 0 0 0 0 0 0 0 0 0 0 0 0 0 0 2.26689260801557 0 0 0 0 0 0 0 0 6.794560773033 10.2721714491037 23.0304948187586 0 3.10137471266454 18.5706760131882 5.54663251963536 0.570741154873033 2.37769111109013 0 0 0 0 0 0 0 0 0 0 0 0 0 0 0 0 0 0 0 0 0 0 0 0 0
0 0 0 0 0 0 0 0 0 0 0 0 0 0 0 0 0 0 0 0 0 0 0 0 0 0 0 0 0 0 0 0 0 0 0 0 0 0 0 0 0 0 0 0 0 0 11.4696612876906 7.60216023689735 0 0 0 0 0 0 0 0 0 0 0 0 0 0 0 0 0 0 0 0 0 0 0 0 0 0 0 0 0 0 0 0
0 0 0 0 0 0 0 0 0 0 0 0 0 0 0 0 0 0 0 0 0 0 0 0 0 0 3.61587855977559 0 0 0 0 0 0 0 0 0 0 0 0 0 0 0 0 0 0 0 0 0 0 0 0 0 0 0 0 0 0 0 9.15850595007935 0 21.1088958585006 0 0 0 0 0 0 0 0 0 0 0 0 0 0 0 0 0 0 0
0 0 0 0 0 0 0 0 0 0 0 0 0 0 0 0 0 0 0 0 0 0 0 0 0 0 0 0 2.9862527956362 0 0 0 0 0 0 0 0 0 0 0 0 0 0 0 6.51866693308292 12.4780015592741 5.91610968734146 8.80544273886246 0 0 0 0 0 0 0 0 0 0 0 0 0 0 0 0 0 0 0 0 0 0 0 0 0 0 0 0 0 0 0 0
0 0 0 0 0 0 0 0 0 0 0 0 0 0 0 0 0 0 0 0 0 0 0 0 0 0 0 0 0 0 0 0 0 0 0 0 0 0 0 0 6.3054409988577 0 0 0 0 0 0 0 0 0 0 0 0 0 0 0 0 0 0 0 0 0 0 0 0 0 0 0 0 0 0 0 0 0 0 0 0 0 0 0
0 0 0 0 0 0 0 0 0 0 0 0 0 0 0 0 0 0 0 0 3.03740046706927 0 0 0 0 0 0 0 0 0 0 0 0 0 0 0 0 0 0 0 0 0 0 0 0 0 0 3.40695759516807 0 0 0 0 0 0 0 0 0 0 0 0 0 14.0546642211896 6.9381871140568 0 0 0 0 0 0 0 0 0 0 0 0 0 0 0 0 0
0 0 0 0 0 0 0 0 0 0 0 0 0 0 0 0 0 0 0 0 0 0 0 0 0 0 0 0 0 0 0 0 0 0 0 0 0 0 0 0 0 0 0 0 0 0 0 26.1675621345147 0 0 0 0 0 0 0 0 0 0 0 0 0 0 0 0 0 0 0 0 0 0 0 0 0 0 0 0 0 0 0 0
0 0 0 0 0 0 0 0 0 0 0 0 0 0 0 0 0 0 0 0 0 0 0 0 0 0 0 0 0 0 0 0 0 0 0 0 0 0 0 0 0 0 0 0 0 0 11.8386352887487 24.8421614513236 0 7.46286403282532 0 0 0 0 0 0 0 0 0 0 0 0 0 0 0 0 0 0 0 0 0 0 0 0 0 0 0 0 0 0
0 0 0 0 0 0 0 0 0 0 0 0 0 0 0 12.7935947547982 8.37416365042268 9.45207052911191 0 27.4231604860159 0 0 5.70334429128349 6.20633133458551 0 0 0 0 0 0 0 0 0 0 0 0 0 0 0 0 0 0 0 0 0 0 0 0 0 19.0373247609964 10.1068372764726 0 3.89185575916433 9.15275170061077 4.50000274624895 0 0 0 0 0 0 0 0 0 0 0 0 0 0 0 0 0 0 0 0 0 0 0 0 0
0 0 0 0 0 0 0 0 0 0 0 0 0 0 0 0 0 0 0 0 0 0 0 0 0 0 0 0 0 0 0 0 0 0 0 0 0 0 0 0 0 0 0 0 0 7.68019794433465 8.02692265154947 15.1727330390942 0 0 0 0 0 0 0 0 0 0 0 0 0 0 0 0 0 0 0 0 0 0 0 0 0 0 0 0 0 0 0 0
0 0 0 0 0 0 0 0 0 0 0 0 0 0 0 0 0 0 0 0 0 0 0 0 0 0 0 0 0 0 0 2.9800182982955 0 0 0 0 0 0 0 0 0 0 0 0 0 8.88026497967468 22.6130287906709 0 0 0 0 2.05723264511418 0 0 0 0 0 0 0 0 0 0 0 0 0 0 0 0 0 0 0 0 0 0 0 0 0 0 0 0
0 0 0 0 0 0 0 0 0 0 0 0 0 0 0 0 0 0 0 0 0 0 0 0 0 0 0 0 0 0 0 0 0 0 0 0 0 0 0 0 0 0 0 0 0 7.71213466395897 0 0 0 0 0 0 0 0 0 0 0 0 0 0 0 0 0 5.19081373684828 0 0 0 0 0 0 5.56988000243889 0 0 0 0 0 0 0 0 0
0 0 0 0 0 0 0 0 0 0 0 0 0 0 0 0 2.37800243098855 0 0 0 0 0 0 0 0 0 0 0 0 0 0 0 0 0 0 0 0 0 0 0 0 22.6728348763319 0 0 0 15.0720230596148 0 0 0 0 0 0 11.0911394565958 0 0 0 0 0 0 0 0 0 0 0 0 0 0 0 0 0 0 0 0 0 0 0 0 0 0 0
0 0 0 0 0 0 0 0 0 0 0 0 0 0 0 0 0 0 0 0 0 0 0 0 0 0 0 0 0 0 0 0 0 0 0 0 0 0 0 0 0 0 0 0 0 12.5386977870524 16.6716057887856 0 13.1346612001322 0 0 0 2.09156250211253 0 0 0 0 0 0 0 0 0 0 0 0 0 0 0 0 0 0 0 0 0 0 0 0 0 0 0
0 0 0 0 0 0 0 0 0 0 0 0 0 0 0 0 0 0 0 0 0 0 0 0 0 0 0 0 0 0 0 0 0 0 0 0 0 0 0 0 9.12059055913276 0 9.0697584737388 9.68089224067291 9.85798307655952 13.1171756199485 0 6.61579898339097 0 0 0 0 0 0 0 0 0 0 0 0 0 0 0 0 0 0 0 0 3.05818093622724 0 0 0 0 0 0 0 0 0 0 0
0 0 0 0 0 0 0 0 0 0 0 0 0 0 0 0 0 0 0 0 0 0 0 0 0 0 0 0 0 0 0 0 0 0 0 0 0 0 0 0 0 0 0 0 0 20.5678976412021 21.5693225192607 0 0 0 0 0 0 0 0 0 0 0 0 0 0 0 0 0 0 0 0 0 0 0 0 0 0 0 0 0 0 0 0 0
0 0 0 0 0 0 0 0 3.22899513667328 0 0 0 0 0 9.89288415082403 8.59778065979726 0 15.7912012623993 0 5.79170488871314 7.99172065150448 17.9592684244112 4.75140616844473 0 0 0 0 0 0 0 0 0 0 0 1.01418769882426 0 0 0 0 0 0 0 0 0 0 0 0 11.3755281472791 0 0 25.7310719110192 8.32583465414248 2.69362027035836 2.75271112492734 0 0 0 0 0 0 0 0 0 0 0 0 0 0 0 0 0 0 0 0 0 0 0 0 0 0
0 0 0 0 0 0 0 0 0 0 0 0 0 0 0 0 0 0 0 0 0 0 0 0 0 0 0 0 0 0 0 0 4.44088496324074 0 0 0 0 0 0 0 0 0 0 0 0 0 0 0 0 0 0 0 0 0 0 21.5303539089602 0 24.2095817893898 0 12.4683999852492 0 3.65832822590145 0 18.3096829596099 0 0 0 0 0 0 0 0 0 0 0 0 0 0 0 0
0 0 0 0 0 0 0 0 0 0 0 0 0 0 0 0 0 0 0 0 0 0 0 0 0 0 0 0 0 0 0 0 0 0 0 5.07544568406187 0 0 0 0 0 0 0 0 0 5.41176790608412 0 0 0 0 0 0 0 0 0 0 0 0 0 0 0 0 0 0 0 0 0 0 0 0 0 0 0 0 0 0 0 0 0 0
0 0 0 0 0 0 0 0 0 0 0 0 0 0 0 0 0 0 0 0 0 0 0 0 0 0 0 0 0 0 0 0 0 0 0 0 0 3.72777552646582 0 0 0 0 7.82603746728278 0 5.38801036974588 0 0 5.77713115931147 0 0 0 0 0 0 0 0 0 0 0 0 0 0 0 0 0 0 0 0 0 0 0 0 0 0 0 0 0 0 0 0
0 0 0 0 0 0 0 0 0 0 0 0 0 0 0 0 0 0 0 0 0 0 0 0 0 0 0 0 0 0 2.99980975344751 0 0 0 0 0 0 0 0 0 0 0 0 0 0 13.6839025038157 0 0 0 2.56604523879813 0 0 0 0 0 0 0 0 0 0 0 0 0 0 0 0 0 0 0 0 0 0 0 0 0 0 0 0 0 0
0 0 0 0 0 0 0 0 0 0 0 0 0 0 10.0039915729451 7.87789556474852 9.45549623328737 13.0769544972348 0 14.9347347425627 0 9.36421073269965 0 0 0 0 0 0 0 0 0 0 0 0 0 0 0 0 0 0 0 0 0 0 0 0 0 0 0 23.5106062871103 6.47563398834748 5.92269055971234 5.08721601471068 11.9130551641014 0 0 0 0 0 0 0 0 0 0 0 0 0 0 0 0 0 0 3.66965403123633 0 0 0 0 0 0 0
0 0 0 0 0 3.45482931682091 0 0 0 0 0 0 0 0 0 0 0 0 0 0 0 0 0 0 0 0 0 0 0 0 0 0 0 0 0 0 0 0 0 0 0 0 0 0 0 0 0 0 0 0 0 0 0 0 0 0 0 8.89729345163532 0 0 0 5.54074612982732 0 4.75300631289191 0 0 0 0 0 0 0 0 2.21122676274279 0 0 0 0 0 0 0
0 0 0 0 0 0 0 0 0 0 0 0 0 0 0 9.27139146047071 8.60554648603386 6.72868466905609 10.4506889565159 0 3.63647241931697 14.0048781175895 0 0 14.4262699624688 0 0 0 0 0 0 0.502152276584443 0 0 0 0 0 0 0 0 0 0 0 0 0 0 0 11.6164067144206 12.0415616864909 0 13.2390465547629 0 3.64165206076441 10.2606546656069 0 0 0 0 0 0 0 0 0 0 0 0 0 2.35582011209006 0 0 0 0 0 0 0 0 0 0 0 0
0 0 0 0 0 0 0 0 0 0 0 0 0 0 0 28.5555633563401 11.6096855636319 0 0 6.80430723363833 5.1187161943625 4.32827608839657 0 0 0 0 0 0.23868457835411 0 0 0 0 0 0 0 0 0 0 0 0 0 0 0 0 0 0 17.0903194004938 0 5.62298222791039 24.2960915017626 6.97745403402073 0 10.0912711333289 0 0 0 0 0 0 0 0 0 0 0.539769098447692 0 0 0 0 0 0 0 0 0 2.20008676862696 0 0 0 0 0 0
0 0 0 0 0 0 0 0 0 0 0 0 0 0 0 0 0 0 0 0 0 0 0 0 0 0 0 0 0 0 0 0 0 0 0 0 0 0 0 0 0 0 0 0 0 11.7305472721091 10.488252322815 0 0 0 0 0 0 0 0 0 0 0 0 0 0 0 0 0 0 0 0 0 0 0 0 0 0 0 0 0 0 0 0 0
0 0 0 0 0 0 0 0 0 0 0 0 0 0 0 0 0 0 0 0 0 0 0 0 0 0 0 0 0 0 0 0 0 0 0 0 0 0 0 0 0 0 0 0 0 11.9144677305988 0 0 0 0 0 0 0 0 0 0 0 0 0 0 0 0 0 5.80463375467936 0 0 0 0 0 0 0 0 0 0 0 0 0 0 0 0
0 0 0 0 0 0 0 0 0 0 0 0 0 0 0 0 0 0 0 0 0 0 0 0 0 5.25642001821934 0 0 0 0 0 0 0 0 0 0 0 0 0 0 10.8441210519234 0 0 0 0 23.8331536308405 0 0 0 0 0 0 0 0 0 0 0 0 0 0 0 0 0 0 0 0 0 0 0 0 0 0 0 0 0 0 0 0 0 0
0 0 0 0 0 0 0 0 0 0 0 0 0 0 0 0 0 0 0 0 0 0 0 0 0 0 0 0 0 0 0 0 0 0 0 0 0 0 0 0 0 0 0 0 9.02044869817053 8.32321171383295 0 23.6039001176985 0 0 0 0 0 0 0 0 0 0 0 0 0 0 0 0 0 0 0 0 0 0 0 0 0 0 0 0 0 0 0 0
0 0 0 0 0 0 0 0 0 0 0 0 0 0 0 0 0 0 0 0 0 0 0 0 0 0 0 0 0 0 0 0 0 0 0 0 0 0 0 0 0 0 0 5.68189629425376 0 0 8.91620036049874 0 0 2.65069515520743 0 0 0 0 0 0 0 0 0 0 0 0 0 0 0 0 0 0 0 0 0 0 0 0 0 0 0 0 0 0
0 0 0 0 0 0 0 0 0 0 0 0 0 0 0 0 0 0 0 0 0 0 0 0 0 0 0 0 0 0 0 0 0 0 0 0 0 0 3.25508065743634 0 0 0 7.91732676142442 9.00617855105053 4.5165753720084 0 0 16.375024781287 0 0 0 0 0 0 0 0 0 0 0 0 0 0 0 0 0 0 0 0 0 0 0 0 0 0 0 0 3.63627108626164 0 0 0
0 0 0 0 0 0 0 0 0 0 0 3.66995206786187 0 0 0 0 0 0 0 0 0 0 0 0 0 0 0 0 0 0 0 0 0 0 0 0 0 0 0 0 0 0 15.6249145327277 0 0 0 0 4.94848714612289 0 0 0 2.01898519848059 0 0 0 0 0 0 0 0 0 0 0 0 0 0 0 0 0 0 0 0 0 0 0 0 0 0 0 0
0 0 0 0 0 0 0 0 0 0 4.39698750325268 0 0 0 0 0 0 0 0 0 0 0 0 0 0 0 0 0 0 0 0 0 0 0 0 0 0 0 0 0 0 0 14.5254826742059 0 0 0 10.0092951835933 0 0 0 0 0 0 0 0 0 0 0 0 0 0 0 0 0 0 0 0 0 0 0 0 0 0 0 0 0 0 0 0 0
0 0 0 0 0 0 0 0 0 0 0 0 0 4.50333597150246 0 0 0 0 0 0 0 0 0 0 0 0 0 0 0 0 0 0 0 0 0 3.4479818670048 0 0 0 0 0 0 0 0 0 12.2857179185359 4.31425200624653 0 0 0 0 0 0 0 0 0 0 0 0 0 0 0 0 0 0 0 0 0 0 0 0 0 0 0 0 0 0 0 0 0
0 0 0 0 0 0 0 0 0 0 0 0 0 0 0 0 0 0 0 0 0 0 0 0 0 0 0 0 0 0 0 0 0 0 0 0 3.1171983124541 0 0 0 0 0 0 0 0 0 0 0 0 0 0 0 0 0 0 0 7.40893777536867 9.22240265291848 0 4.91446230810372 6.23170381361064 7.37935010015294 3.86186499907535 0 0 0 0 0 0 0 0 0 0 0 0 0 0 0 0 0
0 0 0 0 0 0 0 0 0 0 0 0 0 0 0 0 0 0 0 0 0 0 0 0 0 0 0 0 0 0 0 0 0 0 0 0 0 0 0 0 0 0 0 0 0 0 0 0 0 0 0 0 0 0 0 13.8048069028791 5.32751296368552 0 0 6.62123054439956 0 14.4524634750361 0 6.483439204479 0 0 0 0 0 0 0 0 0 0 0 0 0 0 0 0
0 0 0 0 0 0 0 0 0 0 0 0 0 0 0 0 0 0 0 0 0 0 0 0 0 0 0 0 0 0 0 0 0 0 0 0 0 0 0 0 0 0 0 0 4.19136585429786 0 0 23.0885537853943 0 0 0 0 0 0 0 0 0 0 0 0 0 0 0 0 0 0 0 0 0 0 0 0 0 0 0 0 0 0 0 0
0 0 0 0 0 0 0 0 0 0 0 0 0 0 0 0 0 0 0 0 0 0 0 0 0 0 0 0 0 0 0 0 0 0 0 0 0 0 0 0 0 9.56270398325009 0 0 0 0 4.23136272855905 0 0 0 0 0 0 0 0 0 3.07104865677484 0 0 0 0 0 0 0 4.12278282314144 0 0 0 0 0 0 0 0 0 0 0 0 0 0 0
0 0 0 0 0 0 0 0 0 0 0 0 0 0 0 0 0 0 0 0 0 0 0 0 0 0 0 0 0 0 0 0 0 0 0 0 0 0 0 0 0 0 0 0 0 0 0 0 0 0 0 0 0 0 0 0 0 0 0 0 0 0 0 0 0 0 0 0 0 0 0 0 0 3.56918411461466 0 0 0 0 0 0
0 0 0 0 0 0 0 0 0 0 0 0 0 0 0 0 0 0 0 0 0 0 0 0 0 0 0 0 0 0 0 0 0 0 0 0 0 0 0 0 0 0 0 0 12.8122455482535 11.5371699155579 0 0 0 0 0 0 0 0 0 0 0 0 0 0 0 0 0 0 0 0 0 0 0 0 0 0 0 0 0 0 0 0 0 0
0 0 0 0 0 0 0 0 0 0 3.72324076566429 0 0 0 0 0 0 0 0 0 0 0 0 0 0 0 0 0 0 0 0 0 0 0 0 0 0 0 0 0 0 0 0 0 16.5165008040322 0 0 2.28659128242337 0 0 0 0 0 0 0 0 0 0 0 2.85910092610271 0 0 0 0 0 0 0 0 0 0 0 0 0 0 0 0 0 0 0 0
0 0 0 0 0 0 0 0 0 0 0 0 0 0 0 0 0 0 0 0 0 0 0 0 0 0 0 0 0 0 0 0 0 0 0 0 0 0 0 0 0 0 0 0 0 10.4593640816244 0 8.24746859163446 0 0 0 0 0 0 0 0 0 0 0 0 0 0 0 0 0 0 0 0 0 0 0 0 0 0 0 0 0 0 0 0
0 0 0 0 0 0 0 0 0 0 0 0 0 0 0 0 0 0 0 0 0 0 0 0 0 0 0 0 0 0 0 0 0 0 0 0 0 0 0 0 0 9.30652851558466 0 0 0 8.98414062591225 8.3835050046241 0 0 0 0 0 0 6.19770105267787 0 0 0 0 0 0 0 0 0 0 0 0 0 0 4.35838501031784 0 0 0 0 0 0 0 0 0 0 0
0 0 0 0 0 0 0 0 0 0 0 0 0 0 0 0 3.41065549247057 0 0 0 4.38451975130541 0 0 0 0 0 0 0 0 0 0 0 0 0 0 4.91534804078173 0 0 0 0 2.67203213171346 0 0 0 0 0 0 0 0 0 0 0 0 0 0 0 0 0 9.1123848926684 25.4473207846098 0 0 3.94682938671009 0 0 0 0 0 5.80175601402897 0 0 0 0 0 0 0 0 0 0 0
0 0 0 0 0 0 0 0 0 0 0 2.86443679373698 0 0 0 0 0 0 0 0 0 0 0 0 0 0 0 0 0 0 0 0 0 0 0 0 0 0 0 0 0 0 0 0 0 0 0 0 0 0 0 0 0 0 0 0 9.3718766924358 0 25.390564867599 2.7745426313657 0 0 9.34110896149225 0 0 0 0 0 0 0 0 0 0 0 0 0 0 0 0 0
0 0 0 0 0 0 0 0 0 0 0 0 0 0 13.7469431569508 0 10.4004659664886 7.40130366784656 0 0 13.8526256109754 0 0 0 0 0 0 0 0 0 0 0 0 0 0 0 0 0 0 0 0 0 0 0 5.66549847304612 0 0 0 14.657572960202 8.93186197283521 5.17172053675878 11.1313765736746 0 12.2208268545492 0 0 0 0 0 0 0 0 0 1.63227828691019 0 0 0 0 0 0 0 0 0 0 0 0 0 0 0 0
0 0 0 0 0 0 0 0 0 0 0 0 0 0 0 0 0 0 0 0 0 0 0 0 3.04723076445518 0 0 0 0 0 0 0 0 0 0 0 0 0 0 0 0 0 0 0 0 0 0 0 0 0 0 0 0 0 0 0 0 0 0 0 0 0 11.2469080184574 0 0 0 0 0 0 0 0 0 0 0 0 0 0 4.26371009088184 0 0
0 0 0 0 0 0 0 0 0 0 0 0 0 0 0 0 0 0 0 0 0 0 0 0 0 0 0 0 0 0 0 0 0 0 0 0 0 0 0 0 0 0 0 0 0 0 0 0 0 0 0 0 0 0 0 0 0 0 28.6515289960414 0 15.7969579039336 0 0 4.91347295002522 0 0 0 0 0 0 0 0 0 0 0 0 0 0 0 0
0 0 0 0 0 0 0 0 0 0 0 0 0 0 0 0 0 0 0 0 0 0 0 0 0 3.271186109 0 0 0 0 0 0 0 0 0 0 0 0 0 0 0 0 0 0 0 0 0 0 0 0 4.26614979846038 0 0 0 0 0 0 0 0 8.4980187316453 0 20.2229307236131 0 0 0 0 0 0 0 0 0 0 0 0 0 0 0 0 0 0
0 0 0 0 0 0 0 0 0 4.46712009748196 0 0 0 0 0 9.97392741391876 5.50542382698033 0 11.6367563021915 0 7.35646378346171 7.97532180647783 0 0 0 0 0 0 0 0 0 0 0 0 0 0 0 0 0 0 0 0 0 0 0 0 0 5.42342296716484 0 7.83597382941274 0 13.9808380349381 0 0 5.03833191949741 0 7.91762186931421 0 0 0 0 0 0 0 2.61802774668864 0 0 0 0 0 0 0 0 0 0 0 0 0 0 0
0 0 0 0 0 0 0 0 0 0 0 0 0 0 0 0 0 0 0 0 0 0 0 0 0 0 0 0 0 0 0 0 0 0 0 0 0 0 0 0 0 0 0 0 0 0 0 0 0 0 0 0 0 0 0 0 0 0 0 14.4406140228469 0 0 9.94358611232265 0 0 0 0 0 0 0 0 0 0 0 0 0 0 0 0 0
0 0 0 0 0 0 0 0 0 0 0 0 0 0 0 0 0 0 0 0 0 0 0 0 0 0 0 0 0 0 0 0 0 0 0 0 0 0 0 0 0 0 0 0 0 0 0 0 0 0 0 0 3.3484569666289 0 0 0 0 0 7.73866817924974 0 11.5798182548824 0 12.8682336527481 0 0 0 0 0 0 0 0 0 0 0 0 0 0 0 0 0
0 0 0 0 0 0 0 0 0 0 0 0 0 0 3.85518766885657 0 0 0 0 0 0 0 0 0 0 0 0 0 0 0 0 0 0 0 0 0 0 0 0 0 0 0 6.24281029537659 0 0 0 0 0 0 0 0 0 0 0 0 0 0 0 0 0 0 0 0 0 0 0 0 0 0 0 0 0 0 0 0 0 0 0 0 0
0 0 0 0 0 0 0 0 0 0 0 0 0 0 0 0 0 0 4.09672011853136 0 0 0 0 0 0 0 0 0 0 0 0 0 0 0 0 0 0 0 0 0 0 0 0 0 0 0 0 0 0 0 0 0 0 0 0 3.78506443412281 0 0 8.42449507497684 0 0 24.3148135252299 6.32294517091321 0 0 0 0 0 0 0 0 0 0 0 0 0 0 0 0 0
0 0 0 0 0 0 0 0 0 0 0 0 0 0 0 0 0 0 0 0 0 0 0 0 0 0 0 0 0 0 0 0 0 0 0 0 0 0 0 0 0 0 0 0 10.8383839759932 7.67667042830189 0 0 0 0 0 0 0 0 0 0 0 0 0 0 0 0 0 0 0 0 0 0 0 0 0 0 0 0 0 0 0 0 0 0
0 0 0 0 0 0 0 0 0 0 0 0 0 0 0 0 0 0 0 0 0 0 0 0 0 0 0 0 0 0 0 0 0 0 0 0 0 0 0 0 0 0 0 0 0 0 0 0 0 0 0 0 0 0 0 0 0 0 0 0 0 0 13.2425818859974 0 0 0 0 0 0 0 0 0 0 0 0 0 0 0 0 0
0 0 0 0 0 0 0 0 0 0 0 0 0 0 0 0 0 0 0 0 0 0 0 0 0 0 0 0 0 0 0 0 0 0 0 0 0 0 0 0 0 0 0 0 0 0 0 0 0 0 0 0 0 0 0 0 0 0 0 0 4.73442166549759 0 12.431565154761 10.4094642282508 0 0 0 0 0 0 0 0 0 0 0 0 0 0 0 0
0 0 0 0 0 0 0 0 0 2.93114206383331 0 0 0 0 0 0 0 0 0 0 0 0 0 0 0 0 0 0 3.17176607747066 0 0 0 0 0 0 0 0 3.21867099440699 0 0 0 0 0 0 0 0 0 0 0 0 0 0 0 0 0 0 0 10.1830062665491 0 6.65113614133914 9.4312151476776 0 12.9342364554924 0 0 0 0 0 0 0 0 0 0 0 0 0 0 0 0 0
0 0 0 0 0 0 0 0 0 0 0 0 0 0 0 0 0 0 0 0 0 0 0 0 0 0 0 0 0 0 0 0 0 0 0 0 0 0 0 0 0 0 0 0 0 0 0 7.42832598153111 0 0 0 0 0 0 0 0 0 0 0 0 0 0 0 0 0 0 0 0 0 0 0 0 0 0 0 0 0 0 0 0
0 0 0 0 0 0 0 0 0 0 0 0 0 0 13.5684268247052 0 11.4008303194211 0 8.79759562868259 4.89048290119919 6.23621633608543 4.20859174045039 4.11315734111439 0 0 0 0 0 0 0 0 0 0 0 0 0 0 3.93307385940936 0 0 0 0 0 0 0 0 0 0 23.4006137198551 3.82004140164616 0 0 21.4250722529935 2.72663933014195 1.78458560157921 0 0 0 0 0 0 0 0 0 0 1.25837382219684 0 0 0 0 0 0 0 0 0 0 0 0 0 0
0 0 0 0 0 0 2.88984228814264 0 0 0 0 0 0 0 0 0 0 0 0 0 0 0 0 5.34441351822061 0 0 0 0 0 0 0 0 0 0 0 0 0 0 0 0 0 0 0 0 0 0 0 0 0 0 0 0 0 0 0 0 7.25747378528847 0 0 0 11.8695213935814 10.548709060924 10.0806484938683 5.35377970332298 0 0 0 0 0 0 0 0 0 1.34387366389712 0 0 0 0 0 0
0 0 0 0 0 0 0 0 0 0 0 0 0 0 0 0 9.57643959498613 13.4657212521201 0 12.3682996849416 0 6.64922779938087 6.70378570388304 0 0 0 0 0 0 0 0 0 0 0 0 0 0 0 0 0 0 0 0 0 0 0 0 30.7583210910577 0 8.09775969584395 19.9017118260716 18.7457681100613 7.06502664498542 4.22954722956794 0 0 0 0 0 0 0 0 0 0 0 3.59536767228568 0 0 0 0 0 0 0 0 0 0 0 0 0 0
0 0 0 0 0 0 0 0 0 0 0 0 0 0 12.9349032541468 0 0 11.4956644022726 8.23822542112162 6.44434869487549 0 7.24185808326664 0 0 0 0 0 0 0 0 0 1.18460369767933 0 0 0 0 0 0 0 0 0 0 0 2.80795018485946 0 0 0 24.0859407003302 12.5561054946216 0 0 7.294912322595 21.3234889343963 17.3790484880691 0 0 0 0 0 0 0 0 0 0 0 0 0 0 0 0 0 0 0 0 0 0 0 0 0 0
0 0 0 0 0 0 0 0 0 0 0 0 0 0 0 0 0 0 0 0 0 0 0 2.70300713133136 0 0 0 0 0 0 0 0 0 0 0 0 0 0 0 0 0 0 0 0 0 0 0 0 0 0 0 0 0 0 0 0 0 0 11.7472199402348 0 0 0 12.740322982478 0 0 0 0 0 2.76152308462568 0 0 0 0 0 0 0 0 0 0 0
0 0 0 0 0 0 0 3.69904867607518 0 0 0 0 0 0 0 0 0 0 0 0 0 0 0 0 0 0 0 0 0 0 0 0 0 0 0 0 0 0 0 0 0 0 0 0 0 0 0 0 0 0 0 0 0 0 0 0 0 0 0 0 14.3951007392218 0 7.73712137120724 0 0 0 0 0 0 0 0 0 0 0 0 0 0 0 0 0
0 0 0 0 0 0 0 0 0 0 0 0 0 0 0 0 0 0 0 0 0 0 0 0 0 0 0 0 0 0 0 0 0 0 0 0 0 0 0 0 0 0 0 0 0 0 0 0 0 0 0 0 0 0 0 0 9.36725967121655 0 0 0 0 0 12.435349603985 0 0 0 0 0 0 0 0 0 0 0 0 0 0 0 0 0
0 0 0 0 0 0 0 0 0 0 0 0 0 0 0 0 0 0 0 0 0 0 0 0 0 0 0 0 0 0 0 0 0 0 0 0 4.94489751476072 0 0 0 0 0 0 0 0 0 0 0 0 0 0 0 0 0 0 0 26.2894079663786 0 0 0 0 7.164198154356 4.26209332179913 0 8.32592813502233 0 0 0.76730458843241 0 0 0 0 0 0 0 0 0 0 0 0
0 0 0 0 0 0 0 0 0 0 0 0 0 0 0 0 0 0 0 0 0 0 0 0 0 0 0 0 0 0 0 0 0 0 0 0 0 0 0 0 0 0 0 0 0 0 0 0 0 0 0 0 0 0 0 0 0 0 16.7625768690584 0 0 0 0 0 0 0 3.91834146385079 0 0 0 0 0 0 0 0 0 0 0 0 0
0 0 0 0 0 0 0 0 0 0 0 0 0 0 0 0 0 0 0 0 0 0 0 0 0 0 0 2.64876897158867 0 0 0 0 0 0 0 0 0 0 0 0 2.80689518251505 0 0 0 0 0 0 0 0 0 0 0 0 0 0 0 0 0 0 0 4.77907896177738 0 5.71335281112898 0 0 0 0 0 0 0 0 0 0 0 0 0 0 0 0 0
0 0 0 0 0 0 0 0 0 0 0 0 0 0 0 0 0 0 0 0 0 0 0 0 0 0 0 0 0 0 0 0 0 0 0 0 0 0 0 0 0 0 0 0 0 0 0 0 0 0 0 0 0 0 0 0 11.3181108497351 9.90410992816886 0 0 0 0 0 0 0 0 0 0 0 0 0 0 0 0 0 0 0 0 0 0
0 0 0 0 0 0 0 0 0 0 0 0 0 0 0 0 0 0 0 0 0 0 0 0 0 0 0 0 0 0 0 0 0 0 0 0 0 0 0 0 0 0 0 0 0 0 0 0 0 0 4.45743632498265 0 0 0 0 0 0 0 8.49489874740544 0 17.2360539128353 11.6673393330545 0 0 0 0 0 0 0 0 0 0 0 0 0 0 0 0 0 0
0 0 0 0 0 0 0 0 0 0 0 0 0 0 5.34358768750743 0 0 8.2405419463479 8.25407047035812 13.3798908401453 18.185607288396 0 0 0 0 0 0 0 0 0 0 0 0 0 0 0 0 0 0 0 0 0 0 0 0 0 0 0 12.2681491095528 7.3782885480345 20.3084590500516 9.10025605379121 4.55494582818289 0 0 0 0 0 0 0 0 0 2.50176963030919 0 0 0 0 0 0 0 0 0 0 0 0 0 3.85632351038085 0 0 0
0 0 0 0 0 0 0 0 0 0 0 0 0 0 0 0 0 0 0 0 0 0 0 0 0 0 0 0 0 0 0 0 0 0 0 0 0 0 0 0 0 0 0 0 0 0 0 0 0 0 0 0 0 0 0 0 0 9.27403923435766 0 0 9.71601373723377 9.00368662018942 8.90919129725479 3.07824674869396 0 0 0 0 0 0 0 0 3.90981041591372 0 0 0 0 0 0 0
0 0 0 0 0 0 0 0 0 0 0 0 0 0 0 12.8972543067945 11.6294234717081 0 11.8269269951749 0 11.2790185358791 0 11.25568004917 0 0 0 0 0 0 0 0 0 0 0 0 0 0 0 0 0 0 0 0 0 0 0 0 7.68349520366885 0 0 28.5048352610494 6.67192960654086 0 0 4.44287191939483 0 0 0 0 0 0 3.4753816018186 0 0 0 0 0 0 0 0 0 0 0 0 0 0 0 0 0 0
0 0 0 0 0 0 0 0 0 0 0 0 0 0 0 0 0 0 0 0 0 0 0 0 4.21701993506513 0 0 0 0 0 0 0 0 0 0 0 0 0 0 0 0 0 0 0 0 0 0 0 0 0 0 0 0 0 0 0 0 0 0 17.7367877703848 0 0 0 9.75387601942334 0 0 0 0 7.49323603825157 0 0 0 0 0 0 0 0 0 0 0
0 0 0 0 0 0 0 0 0 0 0 0 0 0 0 0 0 0 0 0 0 0 0 0 0 0 0 0 0 0 0 0 0 0 0 0 0 0 0 5.6326213591777 0 0 0 0 0 16.7589555881828 0 9.61342535757997 0 0 0 0 0 0 0 0 0 0 0 0 0 0 0 0 0 0 0 0 0 0 0 0 0 0 0 0 0 0 0 0
