0 0 0 0 0 0 0 0 0 0 0 0 18.7684036136065 6.51459625178896 8.61782428712297 7.78818295005539 5.79466575391758 0 7.71059787349849 0 0 12.9372233981973 0 0 0 0 0 0 0 0 0 0 0 0 0 0 0 0 0 0 0 0 0 0 0 0 0 0 0 0 12.9468323333249 0 0 0 0 0 0 0 0 0 0 0 0 0 0 0 0 0 0 0 0 0 0 0 0 0 0 0 0 0
0 0 0 0 0 0 0 0 0 0 0 0 10.1844166867842 0 10.6510191677596 6.79501714424391 0 8.29444363112928 13.9071097196883 3.61305718154228 21.3548665126302 0 0 0 0 0 1.71104297187273 0 0 0 0 0 0 2.03042191112442 0 0 0 0 0 0 0 0 0 0 0 0 0 0 0 23.2855372326478 6.41374918825431 0 0 0 0 0 0 0 0 0 0 0 0 0 0 0 0 0 0 0 0 0 0 0 0 0 0 0 0 0
0 0 0 0 0 0 0 0 0 0 0 0 0 0 27.7708666889129 25.6719692892289 5.89937918335561 0 9.47811331882276 5.14135037851609 7.13311589707185 0 0 0 0 0 0 0 0 0 0 0 0 0 0 0 0 0 0 0 0 0 0 0 0 0 0 0 0 0 0 0 0 0 0 0 0 0 0 0 0 0 0 0 0 0 0 0 0 0 0 0 0 0 0 0 0 0 0 0
0 0 0 0 0 0 0 0 0 0 0 0 0 0 0 0 0 0 0 0 0 0 0 0 4.64101193455569 0 0 0 0 0 0 0 0 0 0 0 0 0 0 0 0 0 0 0 12.1893979261458 0 0 0 0 24.1165445276403 0 0 0 0 0 0 0 0 0 0 0 0 0 0 0 4.61655972880193 0 0 0 0 0 3.40042335465516 0 0 0 0 0 0 0 0
0 0 0 0 0 0 0 0 0 0 0 0 0 10.4035028633196 0 28.7383263550035 8.66933436900398 0 16.5414497636816 0 0 7.67827735387423 0 0 0 0 0 0 0 0 0 0 0 0 0 0 0 0 0 0 0 0 0 0 0 0 0 0 0 0 0 0 0 0 0 0 0 0 0 0 0 0 0 0 0 0 0 0 0 0 0 0 0 0 7.98226094558698 0 0 0 0 0
0 0 0 0 0 0 0 0 0 0 0 0 0 0 0 9.91224291087093 10.152145757142 11.652775480033 0 13.4496915003606 0 0 0 0 0 0 0 0 0 0 0 0 0 0 0 0 0 0 0 0 0 0 0 0 0 0 0 0 0 0 0 0 0 0 0 8.43764919723905 0 0 0 0 0 0 0 0 0 0 0 0 0 0 0 0 0 0 0 0 0 0 0 0
0 0 0 0 0 0 0 0 0 0 0 0 0 12.8438688970859 0 18.1867002091118 0 11.378092339422 8.23524534915801 0 0 0 0 2.76828294368111 0 0 0 0 0 0 0 0 0 0 0 0 0 0 0 0 3.42075969746557 0 0 0 0 0 0 0 0 0 0 0 0 5.86003122722915 0 0 0 0 0 0 0 0 0 0 0 0 0 0 0 0 0 0 0 0 0 0 0 0 0 0
0 0 0 0 0 0 0 0 0 0 0 0 0 0 29.516707208583 20.5131744095656 14.1361301609908 0 4.96936051155485 0 10.0300413528928 0 0 0 0 0 0 0 0 0 0 0 0 0 0 0 0 0 0 0 0 0 0 0 0 0 0 0 0 0 0 17.1953764895452 0 0 0 0 0 0 0 0 0 0 0 0 0 0 0 0 0 0 0 0 0 0 0 0 0 0 0 0
0 0 0 0 0 0 0 0 0 0 0 0 0 0 9.23975360665593 0 8.5335487511889 9.12993187219225 10.4784726545611 26.8831784156953 0 0 0 0 0 0 0 0 1.41895099245975 0 0 0 0 0 4.53494680885775 0 0 0 0 0 0 0 0 0 0 0 0 0 28.9989191473685 0 0 0 7.38548268294349 0 0 0 0 0 0 0 0 0 0 0 0 0 0 0 0 0 0 0 0 0 0 0 0 0 0 0
0 0 0 0 0 0 0 0 0 0 0 0 0 0 13.2477790860831 9.5032119288833 0 6.33577492342904 12.9987444764874 0 0 0 0 0 0 0 0 0 0 0 0 0 3.16881975399161 0 0 0 0 0 0 0 0 0 0 0 0 0 0 0 0 23.0479204444844 0 0 0 0 0 0 0 0 0 0 0 0 0 0 0 0 0 0 0 0 0 0 0 0 0 0 0 0 0 0
0 0 0 0 0 0 0 0 0 0 0 0 0 0 13.0045759450157 0 6.90299215528325 22.6772798898792 20.3653836956509 2.26160377472497 2.96998199893497 0 0 6.76772379213504 0 0 0 0 0 0 0 0 0 0 0 0 0 0 0 0 0 0 0 0 0 0 0 0 0 0 0 0 0 0 5.27693202606029 0 0 0 0 0 0 0 0 0 0 0 0 0 0 0 0 0 0 0 0 0 0 0 0 0
0 0 0 0 0 0 0 0 0 0 0 0 0 0 6.29428228944279 23.4856807687719 0 10.0316202359336 0 10.7842923355832 0 0 0 0 0 0 0 0 0 0 0 0 0 0 0 0 0 0 0 0 0 0 0 0 0 0 0 0 2.66190516288446 0 0 0 0 0 0 0 0 0 0 0 0 0 0 0 0 0 0 0 0 4.43614654630513 0 0 0 0 0 0 0 0 0 0
0 0 0 0 0 0 0 0 0 0 0 0 0 0 9.3910930382536 0 7.28370676882013 14.7141575603578 0 10.329910704766 6.97512052901748 0 0 0 0 0 0 0 0 0 0 0 0 0 0 0 4.30643192126045 0 0 0 0 0 0 0 0 0 0 0 0 0 0 0 0 0 10.9017155363617 0 0 0 0 0 0 0 0 0 0 0 0 0 0 0 0 0 0 0 0 0 0 0 0 0
0 0 0 0 0 0 0 0 0 0 0 0 0 0 0 0 0 0 0 0 0 0 0 0 0 0 0 0 0 0 0 0 0 0 0 0 0 0 6.03289840562547 0 0 0 0 0 0 0 0 0 0 0 0 0 0 0 0 0 0 0 10.7965350096565 8.40739630600108 7.05930340337418 0 0 0 0 0 0 0 0 0 0 0 0 0 0 0 0 0 0 0
0 0 0 0 0 0 0 0 0 0 0 0 0 14.0229493282313 13.3154207854637 0 25.629729543864 9.4455761571497 0 24.4054539309689 0 0 0 0 0 0 0 0 0 0 0 0 0 0 0 0 0 0 0 0 0 0 0 0 0 0 0 0 0 0 0 0 5.21566776820202 0 0 0 0 0 0 0 0 0 0 0 0 0 0 0 0 0 0 0 3.19149144440839 0 0 0 0 0 0 0
0 0 0 0 0 0 0 0 0 5.62734049497153 0 0 0 0 0 12.5800029867011 0 13.4930328713506 7.65675793819653 6.49920472446085 0 0 6.68236309129042 7.47431786705886 0 0 0 0 0 0 0 0 0 0 0 0 0 0 0 0 0 0 0 0 0 0 0 0 0 7.10267813016274 0 0 0 0 0 0 0 0 0 0 0 0 3.94781268519572 0 0 0 0 0 0 0 0 0 0 0 0 0 0 0 0 0
0 0 0 0 0 0 0 0 0 0 0 0 0 0 0 0 0 0 0 0 0 0 0 0 0 0 0 0 0 0 0 0 0 0 0 0 0 0 0 0 0 0 0 0 0 0 0 0 0 0 0 0 0 0 0 0 0 0 0 0 9.19965357289414 0 0 0 0 0 0 0 0 0 0 0 0 0 0 0 0 0 0 0
0 0 0 0 0 0 0 0 0 3.74141414616858 0 0 0 0 6.32448570469644 16.4082531154578 0 10.4310569672451 22.922182761684 17.395570945055 4.07362401634646 0 0 0 0 0 0 0 0 0.054636535071495 0 0 0 0 0 0 0 0 0 0 0 0 0 0 0 0 0 0 0 0 0 0 0 0 0 5.62776610099865 0 0 0 0 0 0 0 0 0 0 0 0 0 0 0 0 0 0 0 0 0 0 0 0
0 0 0 4.47152732679584 0 0 0 0 0 0 0 0 0 0 17.4148771867663 10.4634529935086 0 11.8491648039389 0 10.4466586562939 9.11143894381339 0 0.135164182975799 0 0 0 0 0 0 0 0 0 0 0 0 0 0 0 0 0 0 0 0 0 0 0 0 0 0 0 0 0 0 0 0 0 0 0 0 0 0 0 0 0 0 0 0 0 0 0 0 0 0 0 0 0 0 0 0 0
0 0 0 0 0 0 0 0 0 0 0 0 0 16.8126509775044 24.6182057675757 0 25.3720959522684 6.59478803473088 0 6.3360833464443 0.210462484825996 0 0 0 0 0 0 0 0 0 0 0 0 0 0 0 0 0 0 0 0 3.2856546060282 0 0 0 0 0 0 0 0 12.8999348311197 0 0 0 0 0 0 0 0 0 0 0 0 0 0 0 0 0 0 0 0 0 0 0 0 0 0 0 0 0
0 0 0 0 0 0 0 0 0 0 0 4.63606073876164 0 8.20814363760205 24.8877543677374 0 9.80962293006297 5.78611848945602 4.20952338515301 3.72794996778219 5.81559314038986 0 0 0 0 0 0 0 0 0 0 0 0 2.67700893099963 0 0 0 0 0 0 0 0 0 0 0 0 0 0 0 0 4.47030216655907 0 0 0 0 0 0 0 0 0 0 0 0 0 0 0 0 0 0 0 0 0 0 0 0 0 0 0 0 0
0 0 0 0 0 0 0 0 0 0 0 0 0 0 9.02736482322117 11.9646388987747 0 21.7257157533804 5.50531051919127 0 0 4.24122299814555 0 0 0 0 0 0 0 0 0 0 0 0 0 0 0 0 0 0 0 0 0 0 0 0 0 0 0 0 0 0 0 0 0 0 0 0 0 0 0 0 0 0 0 0 0 0 0 0 0 0 0 0 0 0 0 0 0 0
0 0 0 0 0 0 0 0 0 0 0 0 0 13.2229628305123 0 8.68044231323251 9.22006313101826 0 6.18831739306454 11.5462275946106 0 6.4387256793532 0 0 0 0 0 0 0 0 0 0 0 0 0 0 0 0 0 0 0 0 0 0 0 0 0 0 0 0 0 0 0 0 0 0 0 0 0 0 0 0 0 0 0 0 0 0 0 0 0 4.92389881017977 0 0 0 0 0 0 0 0
0 0 0 0 0 0 0 0 0 0 0 0 0 0 17.2490553682144 0 9.61402980367004 22.8928144454537 0 22.3872439840267 12.0319383112123 0 0 0 0 0 0 0 0 0 0 0 0 0 0 0 0 0 0 0 0 0 0 0 0 0 0 0 0 0 0 11.09196287748 0 0 0 0 0 0 0 0 0 0 0 0 0 0 0 0 0 0 0 0 0 0 0 0 0 0 0 0
0 0 0 0 0 0 0 0 0 0 0 0 0 17.7375193620243 0 10.3997308508049 11.4322956066553 0 15.4268443695078 5.05525782437928 11.1465460909144 0 0 0 0 0 0 0 0 0 0 0 0 0 0 0 0 0 0 0 0 0 0 0 0 0 0 0 0 0 0 0 0 12.8135473424261 0 0 0 0 0 0 0 0 0 0 0 0 0 0 0 0 0 0 0 0 0 0 0 0 0 0
0 0 0 0 0 0 0 0 0 0 0 0 0 0 0 0 0 0 0 0 0 0 0 0 0 0 0 0 0 0 0 0 0 0 0 0 0 0 0 0 0 0 0 8.72094214345806 0 0 0 0 8.33908985004406 0 13.1660215020337 0 0 0 0 0 0 0 0 0 0 0 0 0 0 0 0 0 0 0 0 0 0 0 0 0 0 0 0 0
0 0 0 0 0 0 0 0 0 0 0 0 0 0 0 0 0 0 0 0 0 0 0 0 0 0 0 0 0 0 0 0 0 3.46210216163417 0 0 0 0 0 0 0 0 0 0 0 0 0 0 0 0 0 0 0 0 0 0 0 0 0 0 0 0 0 13.694293696779 0 0 0 0 0 0 0 0 0 2.76183330331568 0 0 0 0 0 0
0 0 0 0 0 0 0 0 0 0 0 0 0 0 0 0 0 0 0 0 0 0 0 0 0 0 0 0 0 0 0 0 0 0 0 3.72993050305673 0 0 0 0 0 0 0 4.40975412387855 0 9.17052336598084 0 8.45632768043871 0 0 3.02511141123023 0 0 0 0 0 0 0 0 0 0 0 0 0 0 0 0 0 0 0 0 0 0 0 0 0 0 0 4.80564715798529 0
0 0 0 0 0 0 0 0 0 0 0 0 0 0 0 0 0 0 0 0 0 0 0 0 0 0 0 0 0 0 0 0 0 3.50207824887658 0 0 0 0 0 0 0 0 0 11.107376049775 0 0 14.3935260383536 0 0 27.0636432421609 0 0 0 0 0 0 0 0 0 0 0 0 0 0 0 0 0 0 0 0 4.44022327314553 0 0 0 0 0 0 0 0 0
0 0 0 0 0 0 0 0 0 0 0 0 0 0 0 0 0 0 0 0 0 0 0 0 0 0 0 0 0 0 0 0 0 0 0 0 0 0 0 0 0 0 0 0 0 0 0 0 0 0 0 0 0 0 0 0 0 0 23.9212847723844 0 0 25.3649894195867 5.39440339207327 5.36832659743475 0 0 0 0 3.77667933162768 0 0 0 0 0 0 0 0 0 0 0
0 0 0 0 0 0 0 0 0 0 0 0 0 0 0 0 0 0 0 0 0 0 0 0 0 0 0 0 0 0 0 0 0 0 0 0 0 0 0 0 0 0 0 0 0 0 0 0 7.20133486115642 6.36662606266921 0 0 0 0 0 0 0 0 0 0 0 0 0 0 0 0 0 0 0 0 0 0 0 0 0 0 0 0 0 0
0 0 0 0 0 0 0 0 0 0 0 0 0 0 0 0 0 0 0 0 0 0 0 0 0 0 0 0 0 0 0 0 0 0 0 0 0 3.19260013350301 0 0 0 0 0 0 0 15.5112419458928 0 7.7594170825194 0 0 0 0 0 0 0 0 0 0 0 0 0 0 0 0 0 0 0 0 0 0 0 0 0 0 0 0 0 0 0 0
0 0 0 0 0 0 0 0 0 0 0 0 0 11.595556562603 0 12.936013231778 24.9724195059481 0 30.1587321931925 0 21.5138885545472 0 0 0 0 0 0 0 0 0 0 0 0 0 1.48740826307709 0 0 0 0 0 0 0 0 0 0 0 0 0 0 0 0 0 0 0 0 0 0 0 0 0 0 0 0 0 0 0 0 0 0 0 0 0 0 0 0 0 4.72310534954802 0 0 0
0 0 0 0 0 0 0 0 0 0 0 0 0 0 0 0 0 0 0 0 0 0 0 0 0 0 0 0 0 0 0 0 0 0 0 0 0 0 0 0 0 0 0 0 0 0 11.4210667617929 0 25.634911413442 2.54618545644972 0 0 0 0 0 0 0 0 0 0 0 0 0 0 0 0 0 0 0 0 0 0 0 0 0 0 0 0 0 0
0 0 0 0 0 0 0 0 0 0 0 0 0 0 0 0 0 0 0 0 0 0 0 0 0 0 0 0 0 0 0 0 0 0 0 0 0 0 0 0 0 0 0 0 10.8358613389782 13.332320406985 0 12.0295503765941 19.695283586179 0 0 0 0 0 0 0 0 0 0 0 0 0 0 0 3.59988892999172 0 0 0 0 0 0 0 0 0 0 0 0 0 0 0
0 0 0 0 0 0 0 0 0 0 0 0 0 0 0 0 0 0 0 0 0 0 0 0 0 0 0 0 0 0 0 0 0 0 0 0 0 0 0 0 0 0 0 8.87412788472223 0 0 11.7067657260376 10.4233618453313 5.96231623697318 0 0 0 0 0 0 0 0 0 0 0 0 0 0 0 0 0 0 0 0 0 0 0 0 0 0 0 0 0 0 0
0 0 0 0 0 0 0 0 0 0 4.92246699199018 0 0 0 0 0 0 0 0 0 0 0 0 5.80303453017256 0 0 0 0 0 0 0 0 0 0 0 0 0 0 0 0 0 0 0 0 0 12.5286415851203 28.0551650835568 0 0 0 3.67209050705138 0 0 0 2.0304673219079 0 0 0 0 0 0 0 2.33567783756077 0 0 0 0 0 0 0 0 0 0 0 0 0 0 0 0 0
0 0 0 0 0 0 0 0 0 0 0 0 0 0 0 0 0 0 0 0 0 0 0 0 0 0 0 0 0 0 0 0 0 0 0 0 0 0 0 0 0 0 0 0 0 0 18.0956564866288 0 0 0 0 0 0 0 0 0 0 0 0 0 3.77507055344953 0 0 0 0 0 0 0 0 0 0 0 0 0 0 0 0 0 0 0
0 0 0 0 0 0 0 0 0 0 0 0 0 0 0 0 0 0 0 0 0 0 0 0 0 0 0 0 0 0 0 0 0 0 0 0 0 0 0 0 0 0 0 0 6.77737424269787 11.8575729852273 7.66402803043145 9.17184554795706 0 0 9.16762851418781 0 0 0 0 0 0 0 0 0 0 0 0 0 0 0 0 0 0 0 0 3.08057697833579 0 0 0 0 0 0 0 0
0 0 0 0 0 0 0 0 0 0 0 0 0 0 0 0 3.1709250281528 0 0 0 0 0 0 3.40772403267247 0 0 0 0 0 0 0 0 0 0 0 0 0 0 0 0 0 0 0 0 12.424579724049 11.4025796137293 0 7.18722334491283 11.3184903159597 0 0 0 0 0 0 0 0 0 0 0 0 0 0 0 0 4.77457611545086 0 0 0 0 0 0 0 0 0 0 0 0 0 0
0 0 0 0 0 0 0 0 0 0 0 0 0 0 0 12.6513741451506 0 10.4138264718994 15.6604001947673 0 0 0 7.9416740173107 0 3.36192525104698 0 0 0 0 0 0 0 0 0 0 0 0 0 0 0 0 0 0 0 0 0 0 0 25.44093466342 0 5.47690058282553 0 0 0 0 0 0 0 0 0 0 0 0 0 0 0 0 0 0 0 0 0 0 0 0 0 0 0 0 0
0 0 0 0 0 0 0 0 0 0 0 0 0 0 0 0 0 4.16619593072296 0 0 0 0 0 0 0 0 0 0 0 0 0 0 0 0 0 0 0 0 5.76170479610994 0 0 0 0 0 0 0 0 0 0 0 0 0 0 0 0 0 0 0 0 0 0 12.1046119793001 0 0 0 7.39822307233427 0 0 0 0 0 0 0 0 0 0 0 0 0 0
0 0 0 0 0 0 0 0 0 0 0 0 0 0 0 0 0 0 0 0 0 0 0 0 0 0 0 0 0 0 0 0 0 0 0 0 0 0 0 0 0 0 0 0 0 4.50992628362316 0 0 0 5.37316236110062 0 0 0 0 0 0 0 0 0 0 0 0 0 0 0 0 0 0 0 0 0 0 0 0 0 0 0 0 0 0
0 0 0 0 0 0 0 0 0 0 0 0 0 0 0 0 0 0 0 0 0 0 0 0 0 0 0 0 0 0 0 0 0 0 0 0 0 0 0 0 0 0 0 0 0 22.6523855136327 22.2567929617383 0 6.48152527246481 0 0 0 0 0 0 0 0 0 0 0 0 0 0 0 0 0 0 0 0 0 0 0 0 0 0 0 0 0 0 0
0 0 0 0 0 0 0 0 0 0 0 0 0 0 0 0 0 0 0 0 0 0 0 0 0 0 0 0 0 0 0 0 0 0 0 0 2.94836107257425 0 0 0 0 0 0 16.3746922649547 22.713029466159 23.3893542520287 0 0 6.87551353312003 0 0 0 0 0 0 0 0 0 0 0 0 0 0 0 0 0 0 0 0 0 0 0 0 0 0 4.23348391683586 0 0 0 0
0 0 0 0 0 0 0 0 0 0 0 0 0 0 0 8.77817590006278 7.55212229000668 0 6.90342163790753 5.89801924408914 7.00990815125618 0 0 0 0 0 0 0 0 1.93658307058031 0 0 0 0 0 0 0 0 0 0 3.71816689146616 0 0 0 0 0 0 0 23.5970259527122 0 0 6.49968303615611 0 0 0 0 0 0 0 0 0 0 0 0 0 0 0 0 0 0 0 0 0 0 0 0 0 0 0 0
0 0 0 0 0 0 6.04228210582961 0 0 0 0 0 0 0 0 0 0 0 0 0 0 0 0 0 0 0 0 0 0 0 0 0 0 0 0 0 0 0 0 0 0 0 0 0 0 0 0 0 0 0 0 0 0 0 0 0 0 24.1736243539884 0 0 7.51206692820164 0 0 0 0 0 0 0 0 0 0 0 0 0 0 0 0 0 0 0
0 0 0 0 0 0 0 0 0 0 0 0 0 0 13.1073436043886 9.47468087758737 22.8071695122364 10.4311988701928 8.50323164478146 0 0 23.5836575533529 0 0 0 0 0 0 0 0 0 0 0 0 0 0 0 0 3.77329738083735 0 0 0 0 0 0 0 0 0 0 4.55777729522247 0 0 0 0 0 0 0 0 0 0 0 0 0 0 0 0 0 0 0 0 0 0 0 0 0 0 0 0 0 0
0 0 0 0 0 0 0 0 0 0 0 0 0 13.7808369168314 0 24.3885045970011 6.87361581107091 10.7321207643702 0 9.75078654556864 17.2888543312845 0 0 0 0 0 0 0 0 0 0 0 0 0 0 2.30061106282651 0 0 0 0 0 0 0 0 0 0 0 0 0 0 0 0 0 0 0 0 0 0 0 0 0 0 0 0 0 0 0 0 0 0 0 0 0 0 0 0 0 0 0 0
0 0 0 0 0 0 0 0 0 0 0 0 0 0 0 0 0 0 0 0 0 0 0 0 0 0 0 0 0 0 0 0 0 0 0 0 0 0 0 0 0 0 0 0 0 0 0 0 24.3822698872192 0 0 0 0 0 0 0 0 0 0 0 0 0 0 0 0 0 0 0 0 0 0 0 0 0 0 0 0 0 0 0
0 0 0 0 0 0 0 0 0 0 0 0 0 0 0 3.51621282441873 0 0 0 0 0 0 0 0 0 0 0 0 0 0 0 0 0 0 0 0 0 0 0 0 0 0 0 0 0 12.4083968976853 0 8.76587521850832 0 7.53680152335298 0 0 0 0 0 0 0 0 0 0 0 0 0 0 0 0 0 0 0 0 0 0 0 0 0 0 0 0 0 0
0 0 0 0 0 0 0 0 0 0 0 0 0 0 0 0 0 0 0 0 0 0 0 0 0 0 0 3.60119384298981 0 0 0 0 0 0 0 0 0 0 0 0 0 0 0 0 0 0 13.471721705361 0 0 0 0 3.80592061082295 0 0 0 0 0 0 0 0 0 0 0 0 0 0 0 0 0 0 0 0 0 0 0 0 0 0 0 0
0 0 0 0 0 0 0 0 0 0 0 0 0 0 0 0 0 0 0 0 0 0 0 0 0 0 0 0 0 0 0 0 0 0 0 0 0 0 0 0 0 0 0 0 6.16711648137149 0 0 0 0 7.57406648329023 0 0 0 0 0 0 0 0 0 0 0 0 0 0 0 0 0 0 0 0 0 0 0 4.06512208186477 0 0 0 0 0 0
0 0 0 0 0 0 0 0 0 3.69758217805229 0 0 0 0 0 0 0 0 0 0 0 0 0 0 0 0 0 0 4.10619199367824 0 0 0 0 0 0 0 0 0 0 0 0 0 0 0 0 0 24.2316851712246 5.86441534693443 9.82433180142214 0 0 0 0 0 0 0 0 0 0 0 0 0 0 0 0 0 0 0 0 0 0 0 3.34555833802716 0 0 0 0 0 0 0
0 0 0 0 0 0 0 0 0 0 0 0 0 0 0 0 0 0 0 0 0 0 0 0 0 0 0 0 0 0 0 0 0 0 0 0 0 0 12.2699318730012 0 0 0 0 0 0 0 10.0190798480941 0 0 0 0 0 0 0 0 0 0 0 0 0 0 0 0 0 0 0 0 0 0 0 0 0 0 0 0 0 0 0 0 0
0 0 0 0 0 0 0 0 0 0 0 0 0 0 0 0 0 0 0 0 0 0 0 0 0 0 0 0 0 0 0 0 0 0 0 0 0 0 0 3.1787950177408 0 0 0 0 0 0 0 25.2073276575188 21.2194412875208 0 0 0 0 0 0 0 0 0 0 0 0 0 0 0 0 0 0 0 0 0 0 0 0 0 0 0 0 0 0 0
0 0 0 0 0 0 0 0 0 0 0 0 0 0 6.1498004388241 0 0 0 0 0 0 0 0 0 0 0 0 0 0 0 0 0 0 0 0 0 0 0 0 0 0 0 0 0 0 0 7.70025744672589 0 28.2652024044211 0 0 0 0 0 0 0 0 0 0 0 0 0 0 0 0 0 0 0 0 0 0 0 0 0 0 0 0 0 0 0
0 0 0 0 0 0 0 0 0 0 0 0 0 0 0 0 0 0 0 4.87731736424626 0 0 0 0 0 0 0 0 0 0 0 0 0 0 0 0 0 0 0 3.85593839658528 0 0 0 0 10.689683638802 11.1602432332747 0 13.9286924551612 0 23.085433150818 1.62306583925282 0 0 0 0 0 0 0 0 0 0 0 0 0 0 0 0 0 0 0 0 0 0 0 0 0 0 0 0 0
0 0 0 0 0 0 0 0 0 0 0 0 0 0 0 0 0 0 0 0 0 0 0 4.7151185549928 0 0 0 0 0 0 0 0 0 0 0 0 0 0 0 0 0 0 0 0 0 0 0 0 0 0 0 0 0 0 0 0 0 0 0 8.41309417727383 0 0 10.5745133160478 0 0 0 0 0 0 0 0 0 0 0 0 0 0 0 0 0
0 0 0 0 0 0 0 0 4.95214912537544 0 0 0 0 0 0 0 0 0 0 3.94618753857809 0 0 0 0 0 0 0 0 0 0 0 0 0 0 0 0 0 0 0 0 0 0 0 0 0 0 0 0 0 0 0 0 0 0 0 0 0 12.2443325513141 8.67435811100515 0 9.00730490170405 0 0 0 0 0 0 0 0 0 0 0 0 0 0 0 0 0 0 0
0 0 0 0 0 0 0 0 0 0 0 0 0 0 0 0 0 0 0 0 0 0 0 0 0 0 0 0 0 0 0 0 0 0 0 0 0 0 0 0 0 0 0 0 25.2872022356971 20.1539407759421 4.73351340029921 0 0 4.54204561581856 0 0 0 0 0 0 0 0 0 0 0 0 0 0 0 0 0 0 0 0 0 0 0 0 0 0 0 0 0 0
0 0 0 0 0 0 0 0 0 0 0 0 4.90797197148208 0 0 0 0 0 0 0 0 0 0 0 0 0 0 0 0 0 0 0 0 0 0 6.74688053138223 0 0 0 0 0 0 0 0 13.3932777152004 0 4.26229735667317 0 16.1136044719408 0 0 0 0 0 0 0 0 0 0 0 0 0 0 0 0 0 0 0 5.30290117594479 0 0 0 0 3.86375693439265 0 0 0 0 0 0
0 0 0 0 0 0 0 0 0 0 0 0 0 0 3.59230029796526 0 0 0 0 0 0 0 5.51045390139502 0 0 0 0 0 0 0 0 0 0 0 0 0 0 0 0 0 0 0 0 8.87996833743518 11.5484160662822 0 7.94322266734204 6.61270713301244 0 2.68567041274423 0 0 0 0 0 0 0 0 1.72946672154992 0 0 0 0 0 0 0 0 0 0 0 0 0 0 0 0 0 0 0 0 0
0 0 0 0 0 3.17761855367218 0 0 0 0 0 0 0 0 0 0 0 0 0 0 0 0 0 0 0 0 0 0 0 0 0 0 0 0 0 0 0 2.97059933303358 0 0 0 0 0 0 0 10.6396899604285 11.6495033101486 0 23.0887748440699 0 0 0 0 0 0 0 0 0 0 0 0 0 0 0 0 0 0 0 0 0 0 0 4.27438631677974 0 0 0 0 0 0 0
0 0 0 0 0 0 0 0 0 0 0 0 0 0 0 0 0 0 0 0 0 0 0 0 0 0 0 0 0 0 0 0 0 0 0 0 0 3.66329239761029 0 0 0 0 0 0 6.06014897936248 9.71063762687351 0 14.3453232972635 0 21.612806875277 0 0 0 0 0 0 0 0 0 0 0 0 0 0 0 0 0 0 0 0 0 0 0 0 0 0 5.02551132964997 0 0 0
0 0 0 0 0 0 0 0 0 0 0 0 0 0 0 0 0 0 0 0 0 0 0 0 0 2.99978946056327 0 0 0 0 0 0 0 0 0 0 0 0 0 0 0 0 0 0 0 26.8859330106162 9.50276434741304 0 0 10.9062096267258 0 0 0 0 0 0 0 0 0 0 0 0 0 0 0 0 0 0 0 0 0 0 0 0 0 0 0 0 0 0
0 0 0 0 0 0 0 0 0 3.16101823523758 0 0 0 0 0 0 0 0 0 0 0 0 0 0 0 0 0 0 0 0 0 0 0 0 0 0 0 0 0 0 0 0 0 27.8457439457595 0 0 10.6317372922844 0 10.3864403548913 18.204369945104 0 0 0 0 0 0 0 0 0 0 0 0 0 0 0 0 0 0 3.34763753813351 0 0 0 0 0 0 0 0 0 0 0
0 0 0 0 0 0 0 0 0 0 0 0 0 0 0 0 0 0 0 0 0 0 0 0 0 0 0 0 0 0 0 0 0 0 0 0 0 0 0 0 0 0 0 0 0 0 0 0 0 0 0 0 0 0 0 0 0 0 0 12.503709180353 11.0186491945991 0 0 0 0 0 0 0 0 0 0 0 0 0 0 0 0 0 0 0
0 0 0 0 0 0 0 0 0 0 0 0 0 0 0 0 0 0 0 0 0 0 0 0 0 0 0 0 0 0 0 0 0 0 0 0 0 0 0 0 0 0 0 0 0 0 0 0 0 0 0 0 0 0 0 0 0 0 6.25359625334124 0 0 5.13637509498935 0 6.9111802130485 0 0 0 0 0 0 0 0 0 0 0 0 0 0 0 0
0 0 0 0 0 0 0 0 0 0 0 0 0 0 0 0 18.9287703329977 0 10.3516373574337 3.78923721160352 0 0 0 0 0 0 0 0 0 0 0 0 0 5.09985409773635 0 0 0 0 0 0 0 0 0 0 0 0 0 0 0 0 0 0 0 0 0 0 0 0 0 0 0 0 0 0 0 0 0 0 0 0 0 0 0 0 0 0 0 0 0 0
0 0 0 0 0 0 0 0 0 0 0 0 0 0 0 0 0 0 0 0 0 0 0 0 0 0 0 0 0 0 0 0 0 0 0 0 0 0 0 0 0 0 0 0 0 0 0 0 0 0 0 0 0 0 0 0 0 0 0 9.39429214883613 0 0 0 0 0 0 0 0 0 0 0 0 0 0 0 0 0 0 0 0
0 0 0 0 0 0 0 0 0 0 0 0 0 0 0 0 0 0 0 0 0 0 0 0 0 0 0 0 0 0 0 0 0 0 0 0 0 0 0 3.58056095469707 0 0 0 0 0 0 0 0 0 0 0 0 0 0 0 0 0 0 0 6.16406335638331 0 9.02351225333597 12.3107008380287 0 0 0 0 0 0 0 0 0 0 0 0 0 0 0 0 0
0 0 0 0 4.31137821811073 0 0 0 0 0 0 0 0 0 0 0 0 0 0 0 0 0 0 0 0 0 0 0 0 0 0 0 0 0 0 0 0 0 0 0 0 2.84902627880003 0 0 0 0 0 0 0 0 0 0 0 0 0 0 0 0 10.7517861848524 0 0 0 0 8.20766551085634 0 0 0 0 0 0 0 0 0 0 0 0 0 0 0 0
0 0 0 0 0 0 0 0 0 0 0 0 0 0 24.7302603113064 12.6514061885678 8.66974482146153 10.5411914189637 3.11396501835396 8.00191052243183 0 0 0 0 0 0 0 0 0 0 0 0 0 0 0 0 0 0 0 0 0 0 0 0 0 0 0 0 0 0 0 0 0 0 0 0 0 0 0 0 0 0 0 0 0 0 0 0 0 0 0 0 0 0 0 0 0 0 0 0
0 0 0 0 0 0 0 0 0 0 0 0 0 0 0 0 0 0 0 0 0 0 0 0 0 0 0 0 0 0 0 0 0 0 0 0 0 0 0 0 0 0 0 0 0 0 0 0 0 0 0 0 0 0 0 0 0 0 0 13.0975270331163 0 7.86571576008686 0 0 4.95697680893845 0 0 0 0 0 0 0 0 0 0 2.89831220745121 0 0 0 0
0 0 0 0 0 0 0 0 0 0 0 0 6.73063987971907 0 0 0 0 0 3.44722357710235 0 0 0 0 0 0 0 0 0 0 0 0 0 0 0 0 0 0 0 0 0 0 0 0 0 0 0 0 0 0 0 0 0 0 0 0 0 0 0 10.4354019137938 0 11.860492068182 0 0 0 0 0 0 0 0 0 0 0 0 0 0 0 0 0 0 0
0 0 0 0 0 0 0 0 0 0 0 0 0 0 0 0 0 0 0 0 0 0 0 0 0 0 0 0 0 0 0 0 0 0 0 0 0 0 4.13710041847354 0 0 0 5.32406818866568 0 0 8.74703187579469 0 12.9408493047682 0 0 0 0 0 0 0 0 0 0 0 0 0 0 0 0 0 0 0 0 0 0 4.33498127487003 0 0 0 0 0 0 0 0 0
0 0 0 0 0 0 0 4.23619153109558 0 0 0 0 0 0 0 0 0 0 0 0 0 0 0 0 0 0 0 0 0 0 0 0 0 0 0 0 0 0 0 0 0 0 0 0 0 0 0 0 0 0 0 0 0 0 0 0 0 0 0 6.12457820970706 0 0 0 11.6110773933735 0 0 0 0 0 0 0 0 0 0 0 0 0 0 0 0
0 0 0 0 0 0 0 0 0 0 0 0 0 0 0 0 0 5.54231384863801 0 0 0 0 0 0 0 0 0 0 0 0 0 0 0 0 0 0 0 0 0 0 0 0 0 0 4.45536181921931 0 0 9.7933278937671 0 0 0 0 0 0 0 0 0 0 0 0 0 0 0 0 3.32559538520582 0 0 0 0 0 0 0 0 0 0 0 0 0 0 0
0 0 0 0 0 0 0 0 0 0 0 0 0 0 0 0 0 0 0 0 0 0 0 0 0 0 0 0 0 0 0 0 0 0 0 0 0 0 0 0 0 0 0 0 0 0 0 0 0 0 0 0 0 0 0 0 0 0 14.6462709588531 0 0 0 6.11657308550801 0 8.70600078611528 0 0 0 0 0 0 0 0 0 0 0 0 0 0 0
0 0 0 0 0 0 0 0 0 0 0 0 0 0 0 0 0 0 0 0 0 0 0 0 0 0 0 0 0 0 0 0 0 0 0 0 0 0 0 0 4.00628811491127 0 0 0 0 0 0 0 0 0 0 0 0 0 0 0 0 0 0 0 0 8.86941141044139 0 0 0 0 0 0 0 0 0 0 0 0 0 0 0 0 0 0
0 0 0 0 0 0 0 0 0 5.97873896010277 0 0 0 0 0 0 0 0 0 0 0 0 0 0 0 0 0 0 0 0 0 0 0 0 0 0 0 0 0 0 0 0 0 0 0 0 0 0 0 0 0 0 0 0 0 0 0 0 0 11.7882364735211 0 0 0 0 0 0 0 0 0 0 0 0 0 0 0 0 0 0 0 0
0 0 0 0 0 0 0 0 0 0 0 0 0 0 0 0 0 0 0 0 0 0 0 0 0 0 0 0 0 0 0 0 0 0 0 0 0 0 0 0 0 0 0 0 0 0 18.4516971555516 0 0 0 0 0 0 0 0 0 0 0 0 0 0 0 0 0 0 0 0 0 0 0 0 0 0 0 0 0 0 0 0 0
0 0 0 0 0 0 0 0 0 0 0 0 0 10.2795100170037 8.09043688839664 12.1431500767562 7.93473265709388 0 0 3.21293563318011 0 7.61114598784487 0 0 0 0 0 0 0 0 0 0 0 0 0 0 0 0 0 0 0 0 0 0 0 0 0 0 10.151450874119 0 0 0 0 0 0 0 0 0 0 0 0 0 0 0 0 0 0 0 0 0 0 0 0 0 0 0 0 0 0 0
0 0 0 0 4.60715312789604 0 0 0 0 0 0 0 4.06182391313579 0 0 0 0 0 0 0 0 0 0 0 0 0 0 0 0 0 0 0 0 0 0 0 0 0 0 0 0 0 0 0 0 0 0 0 0 0 0 0 0 0 0 0 0 0 0 0 0 0 0 0 0 0 0 0 0 0 0 0 0 0 0 0 0 0 0 0
0 0 0 0 0 0 0 0 0 0 0 0 0 0 10.8648228766372 10.8696694795587 0 11.0134037991786 0 0 8.24698409586848 0 0 0 0 0 0 0 0 0 0 0 0 1.97986543194049 0 0 0 0 0 0 0 0 0 0 0 0 0 0 0 0 0 0 0 0 0 0 0 0 0 0 0 0 0 0 0 0 0 0 0 0 0 0 0 0 0 0 0 0 4.49039267310882 0
0 0 0 0 0 0 0 0 0 0 0 0 0 0 32.4948790431743 0 10.4094956052352 11.9525100146235 0 0 0 0 0 9.39546901516592 0 0 0 0 0 0 0 0 0 0 0 0 0 0 0 0 0 0 0 0 0 0 0 0 0 0 9.6747465488038 0 0 0 0 0 0 0 0 0 0 0 0 0 0 0 4.1599009904842 0 0 0 0 0 0 0 0 0 0 0 0 0
0 0 0 0 0 0 0 0 0 0 0 0 0 0 0 0 0 0 0 0 0 0 0 0 0 0 0 0 0 0 0 0 0 0 0 0 0 0 0 0 0 0 0 0 0 0 0 0 0 0 0 0 0 0 0 0 0 0 0 0 9.94501112810534 0 0 0 0 0 0 0 5.33739255463854 0 0 0 0 0 0 0 0 0 0 0
0 0 0 0 0 0 0 0 0 0 0 0 0 0 0 0 0 5.55263684511452 0 0 0 0 0 0 0 0 0 0 0 0 0 0 0 0 0 0 0 0 0 0 0 0 0 0 0 0 0 0 0 0 0 0 0 0 0 0 0 0 0 0 0 0 0 0 0 0 0 0 0 0 0 0 0 0 0 0 0 0 0 0
0 0 0 0 0 0 0 0 0 0 0 0 0 0 0 0 0 0 0 0 0 0 0 0 0 0 0 0 0 0 0 0 0 3.34310918188599 0 0 0 0 0 0 0 0 0 0 0 0 0 0 0 0 0 0 0 0 0 0 0 10.360954666279 9.44827197921744 22.1696897938847 0 0 0 0 0 11.998327797372 0 0 0 0 0 0 0 0 0 0 0 0 0 0
0 0 0 0 0 0 0 0 0 0 0 3.59415980148281 0 0 0 0 0 0 0 0 0 0 0 0 0 0 0 0 0 0 0 0 0 0 0 0 0 0 0 0 0 0 0 0 0 0 0 0 0 0 0 0 0 0 0 0 0 0 0 0 0 10.0158196019706 10.0314196206159 0 0 9.5165738802412 0 0 0 0 0 0 0 0 0 0 0 0 0 0
0 0 0 0 0 0 0 0 0 0 0 0 0 0 0 0 0 0 0 0 0 0 0 0 0 0 0 0 0 0 0 0 0 0 0 0 0 0 0 0 0 0 0 0 0 0 0 0 0 0 0 0 0 0 0 0 0 11.4203731560595 0 7.20040199856756 0 0 0 0 0 0 0 0 0 0 0 0 0 0 0 0 0 0 0 0
0 0 0 0 0 0 0 0 0 0 0 0 0 0 0 0 0 0 0 0 0 0 0 0 0 0 0 0 0 0 0 3.59686076419704 0 0 0 0 0 0 0 0 0 0 0 0 0 0 0 0 0 0 0 0 0 4.28350152501354 0 0 0 0 7.35136672571922 7.32731829466754 0 6.40539065332234 0 0 8.08782381702966 0 0 0 0 0 0 0 0 0 0 0 0 0 0 0
0 0 0 0 0 0 0 0 0 0 0 0 0 0 0 0 0 0 0 0 0 0 0 0 0 0 0 0 0 0 0 0 0 0 0 0 0 0 0 0 0 0 0 3.17860146232569 0 0 0 0 0 0 0 0 0 0 0 0 0 0 0 12.771334000213 12.7705935637394 0 0 0 0 0 0 0 0 0 0 0 0 0 0 0 0 0 0 0
0 0 0 0 0 0 0 0 0 0 0 0 0 0 0 0 0 0 0 0 0 0 0 0 0 0 0 0 0 0 0 0 0 0 0 0 0 0 0 0 0 0 0 0 0 0 0 0 0 0 0 0 0 0 0 0 0 7.81046589241687 0 11.94931914194 0 0 0 0 5.56946988061023 0 0 0 0 0 0 0 0 0 0 0 0 0 0 0
0 0 0 0 0 0 0 0 0 0 0 0 0 0 8.26402158909641 8.72350349441301 15.9156210100103 0 12.1002536860727 24.6895962169711 0 0 0 0 0 0 0 0 0 0 0 0 0 0 0 0 0 0 0 0 0 0 0 0 0 0 0 0 0 12.7034139747737 0 11.7384805754358 0 0 0 0 0 0 0 0 0 0 0 0 0 0 0 0 0 0 0 0 0 0 0 0 0 0 0 0
0 0 0 0 0 0 0 0 0 0 0 0 0 0 0 0 0 0 0 0 0 0 0 0 0 0 0 0 0 0 0 0 0 0 2.9116250942415 0 0 0 0 0 0 0 0 0 0 0 0 0 0 0 0 0 0 0 0 0 0 0 2.99371526320449 0 0 0 0 0 0 0 0 0 0 0 0 0 0 0 0 0 0 0 0 0
0 0 0 0 0 0 0 0 0 0 0 0 0 7.12439621056625 8.08632821501126 10.7113514510787 0 15.5351026771002 0 6.74289924770976 5.41461022244624 0 0 0 0 0 0 0 0 0 0 0 0 0 0 0 0 0 3.85317674348287 0 0 0 0 0 0 0 0 0 0 0 0 0 0 0 0 0 0 0 0 0 0 0 0 0 0 0 0 0 0 0 0 0 0 0 0 0 0 0 0 0
0 0 0 0 0 0 0 0 0 0 0 0 0 0 0 0 0 0 0 0 0 0 0 0 0 0 0 0 0 0 0 0 0 0 0 0 0 0 0 0 0 0 0 0 0 0 0 0 0 0 0 0 0 0 0 0 0 0 0 0 0 0 21.0883199710489 4.50074080550779 0 0 0 0 0 0 0 0 0 0 0 0 0 0 0 0
0 0 0 0 0 0 0 0 0 0 0 0 0 0 0 0 0 0 0 0 0 0 0 0 0 0 0 0 0 0 0 0 0 0 0 0 0 0 0 0 0 0 0 0 0 10.4756115425785 0 9.22847270370567 0 0 0 0 0 0 0 0 0 0 0 0 0 0 0 0 0 0 0 0 0 4.39406449051785 0 0 0 0 0 0 0 0 0 0
